HOW1007N1920  1653  1570  1568  1643  2057  1518  1112  1103  1014   737          
HOW1007N1930   724   688   642   814   834   589   519   417   549   615          
HOW1007N1940   594   569   622   591   479   347   420   710   650   880          
HOW1007N1950  1044   973   886   689   796   672   708   461   489   432          
HOW1007N1960   367   571   404   466   564   394   316   422   436   529          
HOW1007N1970   548   546   679   540   770   598   481   568   565   578          
HOW1007N1980   641   473   559   512   583   627   688   522   609   634          
HOW1007N1990   616   845   970   694  1419   560   470   545   457   844          
HOW1007N2000   586   534   610   460   553   499   537   911  1486  1011          
HOW1007N2010  1058  1324  1347  1125 -9999    
HOW1007S1920  2702  2022  1883  1810  1724  1240   815   577   481   504          
HOW1007S1930   553   356   416   544   495   351   399   329   359   368          
HOW1007S1940   298   294   396   374   236   197   283   407   693  1135          
HOW1007S1950  1182  1554  1239  1030  1120  1157   952   721   586   430          
HOW1007S1960   460   680   352   477   496   356   299   404   358   473          
HOW1007S1970   533   444   595   485   838   605   504   502   612   592          
HOW1007S1980   570   490   434   484   545   726   573   567   569   556          
HOW1007S1990   529   563   819   432  1269   422   225   466   355   610          
HOW1007S2000   472   478   417   358   463   425   563   821  1033  1034          
HOW1007S2010  1059  1440  1381  1212 -9999  
HOW1042N1948   551   529                                                          
HOW1042N1950   824   747   709   484   428   401   422   459   536   526          
HOW1042N1960   620   637   507   518   217   247   319   386   309   477          
HOW1042N1970   548   549   496   608   548   436   469   587   583   470          
HOW1042N1980   392   246   367   266   439   479   427   492   475   305          
HOW1042N1990   257   287   310   461   354   402   328   625   543   509          
HOW1042N2000   396   533   176   285   332   247   262   472   557   386          
HOW1042N2010   552   644   635   281 -9999 
HOW1042S1948   451   444                                                          
HOW1042S1950   840   854   743   452   525   482   645   606   554   531          
HOW1042S1960   626   705   585   647   438   501   444   559   498   552          
HOW1042S1970   698   569   640   638   406   596   346   520   412   528          
HOW1042S1980   452   261   366   229   429   691   391   524   588   604          
HOW1042S1990   583   564   643   485   333   353   149   594   911   771          
HOW1042S2000   674   894   476   336   551   387   234   676   507   270          
HOW1042S2010   263   403   379   222 -9999   
HOW1090W1925  1245  1017   869   541   534                                        
HOW1090W1930   367   340   318   122   418   591   407   221   338   362          
HOW1090W1940   277   357   344   344   247   425   428   468   406   307          
HOW1090W1950   405   535   476   408   362   429   318   288   494   213          
HOW1090W1960   386   420   573   636   813   700   575   615   576   559          
HOW1090W1970   755  1131   898   684   888   824   799  1074  1007   756          
HOW1090W1980   958   818   976   876   835   823   838   941  1121   686          
HOW1090W1990   801   777   875   644   792   430   366   606   632  1015          
HOW1090W2000   960   770   956   614   624   506   603  1132  1099   841          
HOW1090W2010  1148   789   572   714 -9999                                        
HOW1090E1925  1151   959   743   559   405
HOW1090E1930   380   292   353     0   563   585   336   273   394   461
HOW1090E1940   353   318   394   357   293   366   356   386   368   407
HOW1090E1950   712   869   969   785   886   856   546   516   635   291
HOW1090E1960   592   638   530   731   746   691   651   429   371   466
HOW1090E1970   547   695   720   529   563   638   868   566   769   601
HOW1090E1980   781   609   803   737   756   916   990  1194  1287   952
HOW1090E1990  1148  1048  1166   854   750   344   288   465   793  1267
HOW1090E2000  1426  1293  1198   791  1316  1032  1187  1851  1844  1435
HOW1090E2010  1609  1469  1353  1199 -9999 
HOW1105N1944   581   701   428   949   667   685                                  
HOW1105N1950   788  1057   719   662   706   619   484   441   593   363          
HOW1105N1960   531   578   334   354   365   364   437   570   563   307          
HOW1105N1970   334   343   280   198   216   288   293   201   320   564          
HOW1105N1980   650  1046  1079  1195   989  1221  1312  1127  1204   888          
HOW1105N1990  1348  1010   783   783   695   329   192   319   326   426          
HOW1105N2000   399   434   763   478   353   305   172   247   314   335          
HOW1105N2010   449   598   458   435 -9999                                                                            
HOW1105W1933  1070   962   927   524   739   626   582                            
HOW1105W1940   699   664   784   675   546   465   334   628   490   341          
HOW1105W1950   416   636   589   210   307   386   285   258   344   299          
HOW1105W1960   530   412   293   424   311   233   256   207   246   222          
HOW1105W1970   360   312   299   258   207   230   339   277   459   440          
HOW1105W1980   379   592   611   568   596   566   790   730   793   653          
HOW1105W1990   857   877   829   822   668   387   241   324   335   458          
HOW1105W2000   371   516   730   473   447   461   341   716   647   472          
HOW1105W2010   856   873   654   537 -9999
HOW1117E1927   495   399   555
HOW1117E1930   702   841   871   897   580   350   384   159   208   508
HOW1117E1940   553   193   330   630   422   647   599  1083   759   594
HOW1117E1950   724   847   780   637   782   608   656   491   588     0
HOW1117E1960   490   792   796   540   802   978   547   659   993   771
HOW1117E1970   781   847   794   948  1524   777   547   864  1036   842
HOW1117E1980   708   846   689   626   826   880   811   988   977  1068
HOW1117E1990  1079   910  1005   727   624   570   384   447   718   707
HOW1117E2000   751   717   781   737   763   753   924  1180  1193  1001
HOW1117E2010  1126  1298  1262  1121 -9999                                       
HOW1117W1928   462   232                                                          
HOW1117W1930   275   537   515   438   379   315   285   184   317   220          
HOW1117W1940   193   111   161   153   294   256   161   406   711   175          
HOW1117W1950   477   513   588   496   496   224   306   419   712   232          
HOW1117W1960   464   472   650   687   344   408   561   414   405   208          
HOW1117W1970   198   340   534   466   405   429   284   423   599   471          
HOW1117W1980   579   333   372   378   261   383   396   513   489   511          
HOW1117W1990   585   457   462   352   350   292   219   282   358   425          
HOW1117W2000   472   410   421   402   325   227   208   401   458   240          
HOW1117W2010   256   421   252   230 -9999