HOW1029E1950  2799  2116  1401  1304   972   786  1100  1456  1513  1318          
HOW1029E1960  1118   555   177    58    40    91   201   168   311   401          
HOW1029E1970   867  1030  1288  1280   987   779   770   914   998  1479          
HOW1029E1980  1881  1739  1408  1291  1318  1213  1353  1295  1212  1555          
HOW1029E1990  1528  1562  1989  1633  1540  1094  1700  1522  1915  2032          
HOW1029E2000  2201  1985  1761  1730  1950  1975  1804  1784  1948  2944          
HOW1029E2010  2516  2396  2129  1957 -9999                                        
HOW1029W1939  2535
HOW1029W1940  2390  2406  2026   832  1332  2332  2867  3890  3503  3951
HOW1029W1950  2850  3207  2496  2144  1965  1621  1977  2167  2532  1886
HOW1029W1960  1574  1227   518    28    67    76   165   110   245   332
HOW1029W1970   524   634   970  1471  1570  1063   910   866   987  1190
HOW1029W1980  2075  1782  1587  1576  1585  1241  1894  1355  1391  1544
HOW1029W1990  1516  1654  1646  1455  1164  1080  1733  1763  2132  1845
HOW1029W2000  2434  2108  2162  1870  1754  2026  2402  2119  2465  2260
HOW1029W2010  1559  1581  1477  1433 -9999    
HOW1077N1934  3500  3426  2934  2267  3107  2880                                  
HOW1077N1940  2818  2190  2238  1581  2223  2574  2567  2484  1907  1704          
HOW1077N1950  1660  2007  2011  1486  1428   538   187   312   307   311          
HOW1077N1960   275   501   353   424   582   666  1322  1477  2041  2272          
HOW1077N1970  2449  2541  3833  2644  2433  2222  2222  2185  2106  2086          
HOW1077N1980  2826  3457  3850  3528  2770  2641  2872  2069  2269  2452          
HOW1077N1990  2656  2557  2588  1907  1993  1998  2404  2051  2494  1866          
HOW1077N2000  1731  1672  1854  2115  2359  2461  2450  1883  1513  1938          
HOW1077N2010  1977  1997  1760  1955 -9999                                        
HOW1077S1934  2733  2405  2288  1744  1758  2627                                  
HOW1077S1940  2395  3222  2543  3315  3257  3369  2925  3046  2811  2389          
HOW1077S1950  3231  3785  3572  2411  1528  1200   590   273   359   524          
HOW1077S1960   386   421   449   566   850   943  1371  2259  2862  3282          
HOW1077S1970  4355  3196  4186  3104  3370  3752  3494  3398  3065  3070          
HOW1077S1980  4613  3987  2828  3477  3180  2591  3498  2601  2672  2783          
HOW1077S1990  2771  3595  3726  3188  2329  1276  2124  2227  3194  2390          
HOW1077S2000  2363  2454  2468  2516  2447  2460  2354  2528  2188  2520          
HOW1077S2010  2353  1936  2175  1953 -9999
HOW1078E1946  3086  3658  3191  2906                                              
HOW1078E1950  2879  2830  3074  3740  3138  3032  2444  1155   231   137          
HOW1078E1960    57   172    19    79   102    52   215   199   246   364          
HOW1078E1970   667   859  1196  1258  1465  1470  1328  1691  1712  2216          
HOW1078E1980  3333  3001  2505  2324  2416  2598  3076  2439  2394  2588          
HOW1078E1990  2314  1663  1078  1318  1461  2137  2551  2411  1940  1923          
HOW1078E2000  1970  1775  1678  1782  2158  2270  2359  2197  1939  1452          
HOW1078E2010  1637  1569  1436  1234 -9999  
HOW1078W1935  3349  4341  3542  4363  4395                                        
HOW1078W1940  3755  3755  2996  3540  3558  3679  4207  3892  4728  4117          
HOW1078W1950  4446  3565  2768  2337  2173  3746  4057  3427  2610  2258          
HOW1078W1960  1649   712   117   209    59   126   118   289   323   491          
HOW1078W1970   763   993   997  1784  1712  1589  2226  2388  2291  2599          
HOW1078W1980  2938  3193  2706  2367  2426  2246  2783  2237  2378  2605          
HOW1078W1990  1951  1987  1608  1808  1554  1567  2231  2335  2485  2083          
HOW1078W2000  2476  2266  2243  2233  2446  3031  3512  2399  2128  2181          
HOW1078W2010  2081  1831  1945  1609 -9999
HOW1106S1931  7149  4801  4001  3334  3074  2107  2521  2244  3130
HOW1106S1940  3559  2944  3429  1680  2210  2608  1750  2359  1708  1971
HOW1106S1950  1938  2450  2420  2586  2111  1286   935   604   456   747
HOW1106S1960   415   643   531   643   965  1046  1891  2222  2649  3362
HOW1106S1970  3396  3060  2983  3438  2876  3527  3775  3076  2708  3392
HOW1106S1980  4577  5262  4521  4956  4798  4948  6647  5486  4180  3947
HOW1106S1990  4137  3541  3113  3034  2386  2706  2290  2601  2954  2418
HOW1106S2000  2326  2778  2453  2219  2660  3178  3333  3543  2585  2760
HOW1106S2010  2539  2062  2243  1728 -9999
HOW1106N1934  3517  2695  1852  2009  2187  2249
HOW1106N1940  2908  2531  2583  1009  1870  2026  1640  2282  1616  1835
HOW1106N1950  1817  3040  2535  2217  2198  1148   467   651   525   821
HOW1106N1960   453   818   446   758   946  1104  2077  2279  2744  3268
HOW1106N1970  3545  3751  3293  2747  2808  2569  2752  2419  2734  2936
HOW1106N1980  4165  4974  4213  5027  5291  5731  7111  5171  3517  3200
HOW1106N1990  2347  2319  2528  2546  2566  2449  2096  2080  2354  2599
HOW1106N2000  2568  2468  2060  2496  2404  3031  3911  3735  4058  4346
HOW1106N2010  2935  1997  1871  1193 -9999
HOW1112E1930  3383  4538  5421  3386  2998  2433  1651  2403  2150  2719          
HOW1112E1940  4013  2666  3449  2992  2707  2692  2375  2468  2277  2113          
HOW1112E1950  2726  3370  3272  3593  3327  2047  1529  1659  1993  2004          
HOW1112E1960  1739  2338  2387  2487  3213  3051  3415  3793  4046  4217          
HOW1112E1970  4742  4122  3903  3276  3109  2439  2352  2514  2309  2484          
HOW1112E1980  2524  2205  2078  2714  2869  2509  1810  1240  1331  1706          
HOW1112E1990  1694  1845  2124  2103  1845  2088  1844  1561  1964  1955          
HOW1112E2000  1978  1654  1783  1598  1789  1775  2528  2375  1826  2059          
HOW1112E2010  1823  1391  1416   951 -9999
HOW1112W1931  3446  4932  3114  2843  2669  1973  1884  2334  2072                
HOW1112W1940  3071  2231  2913  2168  2299  3012  2212  2110  2040  2680          
HOW1112W1950  3085  3164  2997  2784  2533  1896  1160  1173  1600  1455          
HOW1112W1960  1226  1319   924   931  1279  1074  1329  1478  1748  1905          
HOW1112W1970  2097  1715  2095  2647  2997  2697  2649  2233  2057  2308          
HOW1112W1980  2675  3026  2456  2927  3000  2597  2762  1774  1918  1788          
HOW1112W1990  1486  1580  2025  2148  2016  2123  1967  1834  1826  1702          
HOW1112W2000  1529  1381  1694  1663  1566  1695  2170  1886  1543  2121          
HOW1112W2010  1791  1826  1927  1020 -9999 
HOW1124E1929  1543                                                                
HOW1124E1930  2445  2780  3752  3068  3184  2851  2428  2815  3445  3163          
HOW1124E1940  3491  3115  3977  3502  3503  3018  2403  1808  1911  2280          
HOW1124E1950  2734  2201  1892  1375  1410   829   668   764   871  1000          
HOW1124E1960   995  1001  1342  1331  1316  1627  2378  2228  2614  3511          
HOW1124E1970  3874  3071  3282  2707  2692  2948  2628  2240  2664  2868          
HOW1124E1980  3702  4465  3762  3854  5088  4585  4624  2602  3097  3439          
HOW1124E1990  2939  3881  3422  2819  2711  3189  2782  2467  2455  2640          
HOW1124E2000  2014  2125  2667  2455  2165  2182  2363  2305  2340  2388          
HOW1124E2010  2489  2003  1798  1759 -9999
HOW1124W1934  3502  2433  2820  2672  3009  2800                                  
HOW1124W1940  3025  2843  3532  3487  3625  3739  2910  2645  2246  2840          
HOW1124W1950  3528  3265  2893  2401  2459  1535   737  1140  1392  1246          
HOW1124W1960  1350  1993  1913   957  1472  1834  2441  2767  2854  3038          
HOW1124W1970  3292  2109  2285  2372  2426  2480  2337  1969  1973  2029          
HOW1124W1980  2900  3154  2815  3192  2899  2364  2684  1866  1764  2520          
HOW1124W1990  2095  2530  2943  2268  2167  2333  1978  1644  1884  1856          
HOW1124W2000  1285  1563  1704  1870  1791  1852  1927  1775  1570  1778          
HOW1124W2010  1852  1602  1651   897 -9999
HOW1135W1950  4342  3420  3827  4190  3242  4278  3240  3544  3949  3103          
HOW1135W1960  2906  1579  1232   165   345   117   147    92   400   858          
HOW1135W1970  1602  1495  1615  1938  2341  2490  2741  2055  1749  1940          
HOW1135W1980  2561  2890  2692  2993  3134  3103  3307  3170  2694  3182          
HOW1135W1990  2715  3197  2727  2810  1599  1312  2363  3123  2772  2539          
HOW1135W2000  2674  2500  2479  2606  2923  2579  2199  1355  1396  1462          
HOW1135W2010   926   781   749   673 -9999                                        
HOW1135E1949  4128                                                                
HOW1135E1950  3952  3012  3216  3362  2872  2753  2966  2463  1639  2178          
HOW1135E1960  1192   731   308    44    44    46    52   149   221   256          
HOW1135E1970   433   702   837  1226  1282  1056  1147  1380  1556  2341          
HOW1135E1980  3082  3124  2499  2208  2357  2082  2355  1803  1664  2045          
HOW1135E1990  1619  1882  1935  1976  1554  1606  2032  2346  2194  2015          
HOW1135E2000  1727  1676  2107  2450  2330  1487  1868  1819  1482  1372          
HOW1135E2010  1201  1099  1043   726 -9999                                       
                                            
