HOW1005E1925  1184   993   472   584   619                                        
HOW1005E1930   596   745  1405  1312  1065  1126  1021  1385  1689  1643          
HOW1005E1940  1721  1158  1742  1295  1057  1346  1020  1243  1250  1230          
HOW1005E1950   747  1193   765   688   733   869  1048  1031   896   709          
HOW1005E1960  1034  1199   794   721   544   422   393   314   204   477          
HOW1005E1970   625   432   292   374   359   404   339   199   209   156          
HOW1005E1980   239   190   145   108   173   269   332   356   398   273          
HOW1005E1990   207   229   205   220   218   272   412   374   304   318          
HOW1005E2000   272   330   324   256   228   241   314   280   231   207          
HOW1005E2010   348   198   286   274 -9999    
HOW1005W1923  1073   898   490   510   785   871  1110                            
HOW1005W1930  1228  1002   681   335  1563  1548  1612  1518  1554  1736          
HOW1005W1940  1162   152  1727  1807  1231  1596  1587  1505   606  1098          
HOW1005W1950   807  1038   947  1383  1537  1306  1942  2119  1984  1793          
HOW1005W1960  1364  1696  1111  1225  1070   866   719   584   458   927          
HOW1005W1970  1235  1261   801  1205  1110  1070   610   613   792   694          
HOW1005W1980   852   514   422   333   487   601   668   651   565   364          
HOW1005W1990   380   339   321   286   254   281   362   477   443   477          
HOW1005W2000   317   355   265   255   305   368   481   523   614   489          
HOW1005W2010   793   582   605   722 -9999
HOW1008N1931   649   740   898   865  1001  1157  1119  1276  1544                
HOW1008N1940  1740  1468  1685  1638  1187  1367   823   763   398  1035          
HOW1008N1950   875  1152   411   877  1404  1388  1598  1756  1313  1181          
HOW1008N1960   798  1135   761   748   722   516   450   626   382   655          
HOW1008N1970   910   655   574   817   787   649   417   521   600   624          
HOW1008N1980   773   559   555   364   423   489   348   442   380   242          
HOW1008N1990   236   225   149   160   144   197   397   361   385   303          
HOW1008N2000   169   222   234   181   207   216   226   228   317   213          
HOW1008N2010   292   123   255   289 -9999 
HOW1008S1931   541   952   924   931   943  1468  1242  1303  1566
HOW1008S1940  2352  1205   818   891  1920  2131  1404  1189  1204  1642
HOW1008S1950  1570  2133  1422  1742  1907  1806  1800  1937  2064  1752
HOW1008S1960  1495  1816  1671  1544  1132   880   863  1119   739  1413
HOW1008S1970  1200  1221  1081  1503  1051  1101   512   625   743   627
HOW1008S1980   709   407   343   217   353   569   759   692   758   621
HOW1008S1990   573   470   361   294   233   247   433   592   578   599
HOW1008S2000   461   500   450   555   435   579   440   404   380   302
HOW1008S2010   454   233   330   280 -9999  
HOW1011N1935   467   843   879   966   913
HOW1011N1940   879   971   697   835   599   657   640   675  1082  1150
HOW1011N1950  1067  1586  1370  1253  1334  1702  1361  1039   903   764
HOW1011N1960   648   912   712   782   797   592   532   732   572   704
HOW1011N1970   575   546   737   824   866   848   655   617   641   657
HOW1011N1980   714   696   601   477   471   583   690   719   544   585
HOW1011N1990   555   439   572   491   416   645   609   679   677   506
HOW1011N2000   530   638   454   420   473   604   671   693   601   566
HOW1011N2010   687   354   447   483 -9999  
HOW1011S1942  1648  1644  1325  1716  1373  1350  1569  1905                      
HOW1011S1950  1634  1829  1480  1626  1923  2163  1498  1547  1266  1336          
HOW1011S1960   913  1457  1289  1333  1359   820   695   733   682   832          
HOW1011S1970   745   851   922  1012  1287  1092   728   780   857   843          
HOW1011S1980  1115  1144   831   624   662   907  1021   990   643   680          
HOW1011S1990   594   519   482   452   365   545   520   524   471   472          
HOW1011S2000   426   499   324   365   400   500   545   565   449   471          
HOW1011S2010   516   379   531   533 -9999
HOW1012N1930  1864  2010  2284  1832  2520  1448   806   791   738   717          
HOW1012N1940   825   765   828   861   954  1170   982  1295  1046  1270          
HOW1012N1950  1139  1663  1169  1773  1770  1756  1758  2131  1811  1353          
HOW1012N1960  1085  1780  1480  1560  1332   980  1031  1526  1070  1176          
HOW1012N1970  1229  1205  1320  1709  1642  1553  1271  1298  1211  1279          
HOW1012N1980  1779  1538  1684  1392  1131  1574  2359  2093  1480  1204          
HOW1012N1990  1184  1084  1201  1095   712   839   896   912   929  1012          
HOW1012N2000   805   874   643   428   679   943  1102  1392  1447   949          
HOW1012N2010   727   516   781   892 -9999
HOW1012S1930  1899  2114  2358  1798  1662  2087  1910  1949  1944  1987          
HOW1012S1940  2322  1909  2155  2243  1822  2056  1584  2041  1481  1856          
HOW1012S1950  1515  2099  1269  1547  2133  2119  1898  2278  1840  1830          
HOW1012S1960  1715  2292  1694  1526  1239  1096   946  1072   779  1198          
HOW1012S1970  1341  1170  1071  1301  1476  1189  1016  1055   969   924          
HOW1012S1980  1431  1102   890   932  1040  1262  1209  1124   674   674          
HOW1012S1990   614   579   769   843   576   757   685   716   821   753          
HOW1012S2000   645   716   537   198   463   531   619   703   714   658          
HOW1012S2010   892   618   877   619 -9999
HOW1014W1925   388   624   869  1572  1247                                        
HOW1014W1930  1166  1543  2257  2084  1724  2126  2257  1997  2839  2799          
HOW1014W1940  2936  2140  1923  2070  2368  3053  1917  2492  2431  2231          
HOW1014W1950  1876  2443  1921  1892  2120  2249  2319  2115  1889  1478          
HOW1014W1960  1307  1831  1141  1481  1213  1079  1012  1176   866  1181          
HOW1014W1970  1509  1146  1239  1300  1536  1272   828   554   360   316          
HOW1014W1980   489   837   998  1456  1285  1184   992  1163   769   782          
HOW1014W1990   850   809   684   766   645   618   715   766   790   960          
HOW1014W2000   993   798   597   598   682   773   833   910   881   944          
HOW1014W2010   865   434   712   805 -9999
HOW1014E1924   493   682  1100  1587  1301   877                                  
HOW1014E1930  1010  1709  1718  1646  1892  2135  2708  2029  1786  1689          
HOW1014E1940  2152  2265  2519  2501  1918  2229  1197  1824  1832  1777          
HOW1014E1950  1531  1968  1423  1339  1468  1639  1791  1872  1775  1519          
HOW1014E1960   902  1764  1032  1086   950   819   807   855   686  1016          
HOW1014E1970  1150  1022  1409  1315  1237  1070   753   532   400   319          
HOW1014E1980   425   459   588   887  1089  1468  1132  1026   806   755          
HOW1014E1990   712   703   723   637   493   511   778   783   701   718          
HOW1014E2000   500   543   474   526   622   626   506   637   630   473          
HOW1014E2010   705   379   514   630 -9999                                                                                                                               
HOW1024E1927   487   646   516                                                    
HOW1024E1930   444   604   765   895   818  1141  1067  1454  1268  1203          
HOW1024E1940  1440  1080  1053   977   885   898   696   715   598   650          
HOW1024E1950   559   802   523   707   828   608   715   863   798   807          
HOW1024E1960   464   661   580   741   660   438   419   472   393   617          
HOW1024E1970   588   611   569   572   619   481   361   256   372   186          
HOW1024E1980   311   313   213   207   397   609   600   641   510   472          
HOW1024E1990   467   504   485   422   330   335   522   668   761   721          
HOW1024E2000   622   794   594   360   493   555   787   940  1297  1179          
HOW1024E2010  1330   935  1215  1177 -9999  
HOW1024W1927   488   420   523                                                    
HOW1024W1930   519   880   841   935  1746  1952  1469  1421  1904  1966          
HOW1024W1940  2145  1427  1463  2128  1347  2807  1964  1038  1098   962          
HOW1024W1950  1195  1560   906  1047   460   431   927  1165  1035   804          
HOW1024W1960   494   590   516   608   503   460   362   413   355   498          
HOW1024W1970   606   565   592   740   757   717   603   465   479   476          
HOW1024W1980   627   502   404   309   438   678   645   729   612   716          
HOW1024W1990   703   681   568   590   545   580   726   809   730   723          
HOW1024W2000   960   875   728   201   583   717  1585  1440  1368  1161          
HOW1024W2010  1236   930  1196  1347 -9999
HOW1037E1924   374   403   345   365   267   261                                  
HOW1037E1930   297   277   305   242   237   249   260   271   228   198          
HOW1037E1940   190   290   268   333   297   238   277   284   315   331          
HOW1037E1950   177   210   224   363   359   385   401   594   624   707          
HOW1037E1960   388   591   836  1027   811   588   559   790   712   661          
HOW1037E1970   588   595   487   541   599   501   348   294   291   263          
HOW1037E1980   384   258   294   195   275   364   340   449   317   283          
HOW1037E1990   270   264   257   198   150   194   153   209   122   212          
HOW1037E2000   151   235   193   193   253   248   324   302   216   185          
HOW1037E2010   314   185   302   275 -9999    
HOW1037S1921   370   522   306   270   235   277   234   201   242
HOW1037S1930   168   234   240   280   229   300   326   366   428   311
HOW1037S1940   520   539   587   563   477   435   350   369   231   259
HOW1037S1950   152   265   193   180   224   224   213   253   233   267
HOW1037S1960   274   299   329   306   436   360   281   283   289   271
HOW1037S1970   338   384   443   291   382   467   392   503   387   277
HOW1037S1980   295   296   266   204   188   244   237   391   237   261
HOW1037S1990   175   244   263   335   294   273   404 -9999
HOW1062E1953  2979  2199  1815  1734  2064  2508  2125                            
HOW1062E1960  1605  1626  1398  1731  1806  1606  1396  1703  1561  1364          
HOW1062E1970  1423  1262   926  1353  1599  1257   860   739   777   504          
HOW1062E1980   439   326   318   150   118   236   271   356   329   273          
HOW1062E1990   414   410   259   191   250   440   494   558   518   486          
HOW1062E2000   593   531   565   477   414   488   883  1221  1017   900          
HOW1062E2010  1014   947   750   773 -9999                                        
HOW1062W1953  3228  2928  2881  2312  2193  2318  1676                                                             
HOW1062W1960  1762  2029  2092  2475  2130  2209  1938  2019  2016  2407
HOW1062W1970  2466  1988  2152  2628  2068  1778  1498  1561  1631  1315
HOW1062W1980   956   810    30   486   493   753   771   786   876   752                            
HOW1062W1990   734   786   475   275   308   369   656   769   809   671          
HOW1062W2000   677   630   529   295   277   349   547   606   787   700          
HOW1062W2010   818   616   562   530 -9999 
HOW1069W1944  1456  1694  1194  1354  1533  2072
HOW1069W1950  2053  2148  1956  2589  2318  2319  2282  2815  2171  1314
HOW1069W1960  1373  1477  1334  1677  1326  1178   987  1242   823  1104
HOW1069W1970  1049  1091   960  1413  1728  1285   813   640   570   419
HOW1069W1980   664   464   418   234   185   376   478   682   700   579
HOW1069W1990   577   722   815   885   588   673   779  1009   812   789
HOW1069W2000   605   670   589   259   479   630   989   961  1199   808
HOW1069W2010  1042   709   802  1086 -9999 
HOW1069E1925   550   437   359   400   469                                        
HOW1069E1930   737  1079  1419  1065  1022  1655  1497  1520  1537  1553          
HOW1069E1940  1437   995  2479  2846  2055  1745  1063  1338  1203  1955          
HOW1069E1950  1890  2852  2008  2393  2347  2288  2189  2358  2554  1390          
HOW1069E1960  1906  2191  2564  2411  1945  1324  1108  1288  1292  1612          
HOW1069E1970  1832  1709  1689  2110  1498  1095   754   728   725   568          
HOW1069E1980   695   519   596   356   397   608   770  1049   951   928          
HOW1069E1990   910  1020  1196  1091  1052  1278  1321  1542  1176  1219          
HOW1069E2000  1253  1252  1036   541   768  1505  1761  1886  2212  1657          
HOW1069E2010  2202  1666  1171  1102 -9999                                                                              
HOW1076N1929   323                                                                
HOW1076N1930   573  1236  1775  1293  1093  1217  1550  1218  1732  1819          
HOW1076N1940  1805  1353  1504  1285  1097  1048   804  1013   990   989          
HOW1076N1950   751  1248   895  1119  1355  1035  1378  1493  1026  1075          
HOW1076N1960   650   897   931  1037   668   555   539   586   379   439          
HOW1076N1970   481   436   415   740   840   845   622   381   220    98          
HOW1076N1980   191   138    85    76   284   508   491   639   911   823          
HOW1076N1990   613   510   482   373   444   487   672   682   673   498          
HOW1076N2000   570   705   549   455   605   785   864   737   667   593          
HOW1076N2010   843   700   839   973 -9999                                        
HOW1076S1929   181
HOW1076S1930   392  1040  1388  1076   749   847   960  1172  1610  1601
HOW1076S1940  1641  1374  1352  1159  1219  1346   981  1164   842   979
HOW1076S1950   834  1093   789   963   944   829  1185  1400  1260   948
HOW1076S1960   504   990   866  1018   850   613   710  1058   441   571
HOW1076S1970   624   541   451   463   656   510   563   420   242   164
HOW1076S1980   219   191   102   165   284   305   391   316   184   207
HOW1076S1990   195   178   154   143   164   305   291   307   386   297
HOW1076S2000   462   264   255   294   504   573   611   538   489   729
HOW1076S2010   497   480   422 -9999                                           
how1082w1871  1402  1102  1230   992   936   813   671   756   681                
how1082w1880   649   587   355   496   352   362   561   487   602   685          
how1082w1890   402   504   510   362   414   374   661  1093  1253  1582          
how1082w1900  1270  1070   968  1239  1082   949  1034  1163  1294  1507          
how1082w1910  1542  1232  1552  2002  1724  1156   605   290   177   196          
how1082w1920   485   561   645   755  1124   986   996   956   904  1049          
how1082w1930  1454  1576  2247  2190  1816  2160  1956  2829  2587  2297          
how1082w1940  2501  2102  2007  1727  1627  1967  1638  1933  1578  1681          
how1082w1950  1749  2173  1420  1924  1703  2123  1567  2339  2489  2536          
how1082w1960  3019  3270  2480  2519  2583  1959  1595  1797  2232  2695          
how1082w1970  1926  1989  1933  1708  1775  2333  2544  1791  1992  1703          
how1082w1980  1730  1583  1340  1681  1309  1709  1745  1626  1145  1653          
how1082w1990  2240  3516  1580   958   880   845  1068  1019  1389  1165          
how1082w2000  1078  1087   864   949  1974  1575  1983  1553  1449  2471          
how1082w2010  1726  1739  1545   200 -9999                                        
how1082e1871  1368  1139  1354  1222  1102   929   731   861   738                
how1082e1880   718   703   437   476   372   443   543   457   393   493          
how1082e1890   287   318   344   275   342   267   364   788   954  1145          
how1082e1900  1151  1109  1301  1384  1007   878  1118  1339  1066  1235          
how1082e1910  1177   989  1493  1635  1171   720   411   236    38   185          
how1082e1920   309   479  1276  1435  1655  1207  1259  1286  1166   998          
how1082e1930  1202  1102  1431  1173  1130  1340  1106  1633  2056  2091          
how1082e1940  2517  2369  1859  1828  1987  3166  1953  2307  1849  2140          
how1082e1950  1802  2381  1248  1595  1459  1601  1345  1853  1871  1511          
how1082e1960  1622  1713  1629  1666  1430   939   766   854   873  1336          
how1082e1970  1063   968  1148   957  1062  1179  1279   947  1017   962          
how1082e1980   835   911   767   811   631   780  1077   875   611   616          
how1082e1990   716   608   862   832   592   543   583   623   702   663          
how1082e2000   548   600   580   473   394   580   878  1017  1086  1300          
how1082e2010  1139   775  1064   801 -9999
HOW1094W1855  2360  1813  1741  1764  2320
HOW1094W1860  2338  1677  1180  1766  2427  2438  2610  2510  2808  2267
HOW1094W1870  1920  1800  1855  1872  2200  1840  1793  2280  1170  1299
HOW1094W1880  1808  1690  1812  1982  1602  1229  1297  1136  1483  1532
HOW1094W1890  1316  1639  1761  1527  1598  1547  1347  1244  1586  1302
HOW1094W1900  1583  1227  1227   971   908   381   484   694   372   364
HOW1094W1910   346   627   545   571   518   519   480    94     0   260
HOW1094W1920   302   412   547   311   381   446   465   736   654   634
HOW1094W1930   620   663   732   754   629   378   415   427   445   303
HOW1094W1940   345   414   407   480   469   468   582   635   405   564
HOW1094W1950   468   605   528   577   534   555   396   436   260   268
HOW1094W1960   162   275   270   224   229   231   199   256   189   296
HOW1094W1970   322   320   287   423   479   614   453   386   419   437
HOW1094W1980   546   442   377   306   445   804   633   422   225   127
HOW1094W1990   686   325   271   235   171   169   166   290   183   210
HOW1094W2000   166   268   201   277   204   268   379   583   497   407
HOW1094W2010   574   453   686   554 -9999
HOW1094S1893  1392  1377  1509  1313  1173  1381  1455                            
HOW1094S1900  1809  1253  1264  1141  1936  2259  2454  1117  1113   700          
HOW1094S1910   991  1044  1207   957   891   754   229    58    37   249          
HOW1094S1920   264   299   406   303   526   597   780  1142  1206  1307          
HOW1094S1930  1024   970  1361   920   605   426   502   603   427   335          
HOW1094S1940   340   379   352   369   327   333   439   356   413   336          
HOW1094S1950   388   459   448   416   428   423   368   486   354   293          
HOW1094S1960   229   313   311   339   296   257   163   278   138   247          
HOW1094S1970   301   301   326   418   494   608   555   491   531   501          
HOW1094S1980   698   591   717   803  1184  1620  1446  1290   966   795          
HOW1094S1990   576   715   660   750   665   520   457   728   535   729          
HOW1094S2000   473   675   519   520   398   481   544   897   962   854          
HOW1094S2010  1212   977  1245  1689 -9999