HOW1001N1931  2343  2528  1948  1759  2000  2167  2381  2257  1934
HOW1001N1940  2194  1624  1107  1121  1079  1550  1021  1262  1652  1545
HOW1001N1950  1359  1469  1116  1660  1271  1154  1598  1603  1506  1173
HOW1001N1960  1387  1491   974  1170  1126   778   817   983   993  1357
HOW1001N1970  1264  1240  1340  1019  1025   945  1089   991  1158   804
HOW1001N1980  1018   788   699   657   458   714   807  1035   826   604
HOW1001N1990   930   738   933   889   500   410   278   362   408   454
HOW1001N2000   414   380   448   449   370   759   427   414   363   311
HOW1001N2010   644   447   467   460 -9999
HOW1002E1965  1355  2286  2713  2071  1896
HOW1002E1970  1606  1924  1774  1691  1587  1729  2092  1328  1314  1019
HOW1002E1980   914  1238   827  1006  1137  1913  1939  2018  1191  1082
HOW1002E1990  1502  1144   671  1003  1257  1763  1130   664   646   643
HOW1002E2000   358   472   589   455   687   482   243   420   813   375
HOW1002E2010   449   274   262   229 -9999
HOW1002W1967  1899  1909  2096
HOW1002W1970  2359  2562  2619  2891  2555  2537  2213  1918  1968  1361
HOW1002W1980  1288  1142   880   876   742   832   807   794   534   789
HOW1002W1990   465   792   836   916   628   516   668   549   465   685
HOW1002W2000   336   403   365   316   384   501   469   585   608   358
HOW1002W2010   474   345   328 -9999
HOW1004N1920   324   250   407   392  1151   750   883   764  1298  1447          
HOW1004N1930  1401  1710  1897  1586  1273  1326  1407  1293  1441  1451          
HOW1004N1940  1493   932   997   902   832  1156   858  1231   917  1269          
HOW1004N1950  1079  1155   847  1390  1473  1085  1088   959  1228  1072          
HOW1004N1960  1282  1545  1000   988  1085   762  1067  1170  1068  1116          
HOW1004N1970  1019   849   919   953   889   782   928   823   864   833          
HOW1004N1980   864   789   484   333   267   507   572   509   517   370          
HOW1004N1990   501   594   667   524   226    18    60    58   136   184          
HOW1004N2000   185   119 -9999
HOW1004S1920   150   243   401   673   729   625   685   821  1466  1276          
HOW1004S1930  1183  1317  1510   862   692   866   947   903  1190   968          
HOW1004S1940  1117   742   740   794   939   897   487   836  1317  1152          
HOW1004S1950  1024  1186   715  1107   980   988  1079  1085  1338  1043          
HOW1004S1960  1292   951   747   751   855   520   862   991   892   977          
HOW1004S1970   965   760   867   838   739   644   779   913   982   755          
HOW1004S1980   605   837   685   419   361   393   438   393   316   270          
HOW1004S1990   391   417   303   254   152    25    46    60   127    88          
HOW1004S2000    85 -9999
HOW1006A1877   786   595   656                                                    
HOW1006A1880   558   408   571   503   451   508   525   513   521   359          
HOW1006A1890   468   363   269   350   268   277   203   230   289   313          
HOW1006A1900   319   319   240   273   277   284   157   151   175   168          
HOW1006A1910   145   125   148   168   293   165    94    67   128    26          
HOW1006A1920   121    95   167   368   902   735   656   793   727   816          
HOW1006A1930   755  1070  1385  1135   908  1040  1002  1329  1298  1285          
HOW1006A1940  2081  1751  1258  1027  1135  1708  1285  1380  2151  2491          
HOW1006A1950  2539  2622  1789  2580  2590  2622  1944  2636  2491  2047          
HOW1006A1960  2043  2327  1494  1653  1692  1266  1221  1522  1361  1899          
HOW1006A1970  1959  1630  1537  1221  1345  1913  1889  1822  1939  1161          
HOW1006A1980  1016  1024  1602   916   949  1568  1920  2058  1669   989          
HOW1006A1990  1829  1803  2120  2178  1154   644   740   548   755   629          
HOW1006A2000   598   723   795   582   490   376   232   274   260   306          
HOW1006A2010   338   321   366   328 -9999                                        
HOW1006B1877   821   588   661
HOW1006B1880   556   400   585   517   458   472   454  1227   639   267
HOW1006B1890   282   256   179   314   210   710   251   198   184   811
HOW1006B1900   438   182   132   126   110   128    44    45    66    45
HOW1006B1910    54    51    52    67   150    54    30    84    31    54
HOW1006B1920    48    40   133   178   244   209   245   246   224   271
HOW1006B1930   307   291   370   439   379   370   316   391   506   451
HOW1006B1940   665   502   549   500   532   715   577   842  1034  1238
HOW1006B1950  1989  2540  1879  2280  2154  2291  2098  2635  2430  2224
HOW1006B1960  3101  3358  2378  2702  2555  1879  1998  2005  2093  2656
HOW1006B1970  2470  1999  1724  1772  1674  1870  1743  1615  1647  1079
HOW1006B1980  1073  1126  1163   849   800   958   984  1122  1149   900
HOW1006B1990  1291  1093  1132  1032   610   330   333   477   496   548
HOW1006B2000   504   731   706   658   533   464   281   367   331   367
HOW1006B2010   461   346   410   448 -9999
HOW1009N1933  1138   968  1049  1316  1587  1679  1344                            
HOW1009N1940  1554  1259  1405  1405  1162  1496  1148  1702  2308  1959          
HOW1009N1950  1603  2291  1321  2270  1933  1551  1607  1943  1549  1793          
HOW1009N1960  2025  2211  1807  1869  1613  1079  1403  1517  1330  1788          
HOW1009N1970  1861  1609  2191  1622  1506  1562  1692  1411  1396  1385          
HOW1009N1980  1454  1201  1259   908   741   873  1094  1182   894   809          
HOW1009N1990   805   765   947   855   482   403   349   395   361   669          
HOW1009N2000   681   831   877   794   744   745   645   668   694   509          
HOW1009N2010   614   391   352   379 -9999
HOW1009S1933  1239   906  1134  1237  1377  1686  1663                            
HOW1009S1940  1587  1072  1163  1245  1179  1424  1034  1352  1548  1873          
HOW1009S1950  1750  2087  1236  1792  1498  1272  1151  1649  1428  1584          
HOW1009S1960  1681  1799  1273  1614  1312   857   988  1178  1064  1231          
HOW1009S1970  1394  1021  1044   838  1014   969   887   857  1356  1178          
HOW1009S1980  1026   976   958   728   838   837   974  1152  1178  1035          
HOW1009S1990  1172  1244  1228   945   573   491   506   545   667   720          
HOW1009S2000   684  1017  1018   588   594   508   455   543   540   468          
HOW1009S2010  1182   654   525   262 -9999
HOW1013N1941   952  1162   980  1043  1171   761   872  1023  1277                
HOW1013N1950  1674  1579  1175  1396  1710  1631  1291  1636  1688  1866          
HOW1013N1960  1696  1529  1188  1372  1107   827  1392  1360  1525  1519          
HOW1013N1970  1649  1261  1446  1493  1667  1736  1297  1460  1534  1126          
HOW1013N1980  1087  1219  1284   973  1080  1338  1318  1198  1053  1224          
HOW1013N1990  1693  1394  1701  1501  1126  1009  1270  1229  2051  1690          
HOW1013N2000  1891  1955  2078  1421  1552  1607  1683  1509  1613  1416          
HOW1013N2010  1596  1099  1220  1322 -9999
HOW1013S1941   978  1041   993  1093  1257   768  1090   800  1276                
HOW1013S1950  1476  1333  1126  1303  1262  1279  1181  1172  1374  1230          
HOW1013S1960  1360  1127  1364  1466  1320  1069  1478   973  1098  1192          
HOW1013S1970  1460  1165  1506  1428  1777  2000  1526  1420  1628  1327          
HOW1013S1980  1518  1580  1555  1423  1465  1468  1850  1488  1767  1981          
HOW1013S1990  1957  2387  2417  2052  1513  1024  1229  1551  2903  1688          
HOW1013S2000  2022  1841  1768  1267  1448  1700  1623  1450  1434  1229          
HOW1013S2010  1489   799  1272   961 -9999                                                                                
HOW1020W1938  2279  1894                                                          
HOW1020W1940  2021  1226  1459  1448  1106  1655  1342  1428  1385  1536          
HOW1020W1950  1471  2001  1360  1797  1767  1685  1379  1335  1343  1113          
HOW1020W1960  1398  1718  1410  1399  1479   920  1198  1102  1249  1734          
HOW1020W1970  1798  1652  1847  1426  1693  1911  1693  1639  1731  1289          
HOW1020W1980  1130  1127   856   615   511   518   763   817   764  1114          
HOW1020W1990  1421  1620  1411  1071   614   385   524   440   656   604          
HOW1020W2000   682   650   766   710   532   470   461   384   399   376          
HOW1020W2010   554   539   667   606 -9999                                        
HOW1020E1938  2186  2075                                                          
HOW1020E1940  2036  1345  1435  1513  1147  1392   993  1381  1697  1363          
HOW1020E1950  1359  1536  1042  1328  1320  1230  1036   977   939   894          
HOW1020E1960  1298  1261   842   960  1059   716   994  1019  1362  2164          
HOW1020E1970  1845  1586  1822  1360  1504  1404  1214  1090   935   675          
HOW1020E1980   702   695   471   311   270   266   323   316   356   353          
HOW1020E1990   533   481   478   409   355   175   300   218   267   359          
HOW1020E2000   383   478   578   521   480   369   375   331   219   349          
HOW1020E2010   487   362   307   236 -9999
HOW1021E1927   271   402   591                                                    
HOW1021E1930   384   506   661   630   824  1410  1274  1452  1994  1572          
HOW1021E1940  2030  1499  2019  2294  1867  2429  1384  2402  2172  2410          
HOW1021E1950  2462  3504  1895  1868  1972  1593  1116  1168  1360  1248          
HOW1021E1960  1639  1989  1370  1461  1774  1008  1540  1579  1898  2655          
HOW1021E1970  2659  2043  2479  2501  1879  2140  2047  1607  1495  1467          
HOW1021E1980  1301  1293  1336  1044  1184  1328  1433  1284  1046  1329          
HOW1021E1990  1814  1499  1520  1490   862   632   828   793  1148   842          
HOW1021E2000   823   953  1027   858   944  1224  1361  1150  1162   972          
HOW1021E2010  1478  1107  1390  1052 -9999
HOW1021W1927   305   360   591                                                    
HOW1021W1930   501   572   704   595   549   979  1336  1885  2279  2045          
HOW1021W1940  2433  1668  1689  1765  1578  2296  1620  1565  1251  1611          
HOW1021W1950  1624  1860  1457  1830  1784  1921  1051  1083  1138  1037          
HOW1021W1960  1382  1718  1180  1361  1431   988  1297  1706  1788  2001          
HOW1021W1970  2332  2123  2499  2409  2374  2143  2335  2067  1796  1627          
HOW1021W1980  1435  1620  1641  1525  1449  1719  1587  1522  1192  1437          
HOW1021W1990  1987  1781  1703  1522   827   602   775   818  1132   898          
HOW1021W2000   890   831   767   651   725   969  1123  1208  1199   998          
HOW1021W2010  1186   901   916   744 -9999                                             
HOW1022W1962  1712  1299  1156   784  1117  1075  1091  1755                      
HOW1022W1970  2284  1694  1598  1839  1600  1495  1480  1296  1280  1176          
HOW1022W1980  1030   833   758   863   569  1262  1011  1206  1381  1366          
HOW1022W1990   942  1361  1793  1425  1007  1126  1096   907   931  1003          
HOW1022W2000   641 -9999                                                          
HOW1022E1962  1719  1634  1529  1143  1133  1132  1234  1682                      
HOW1022E1970  2236  1525  1303  1550  1604  1514  1502  1625  2042  1416          
HOW1022E1980  1027   849   803   822   559   979   828  1237  1672  1433          
HOW1022E1990   950  1303  1429  1172   865  1120  1119  1202  1142  1232          
HOW1022E2000   703  1075   996   578   857   855   519   709  1039 -9999
HOW1023N1939  2269                                                                
HOW1023N1940  2470  1768  1535  1373  1368  1846  1130  1614   998   988          
HOW1023N1950  1583  2032  1219  1716  1725  1571  1242  1378  1388  1277          
HOW1023N1960  1610  1906  1199  1512  1145   743   817  1076   884  1578          
HOW1023N1970  1625  1301  1562  1432  1276  1427  1581  1092  1373  1254          
HOW1023N1980  1226  1192  1054   965   988  1120  1312  1102   943  1050          
HOW1023N1990  1575  1206  1343  1128   985   910   734   896  1404  1573          
HOW1023N2000  1402  1315  1182   871  1217  1290  1618  1747  1484  1351          
HOW1023N2010  1872  1106  1066   844 -9999   
HOW1023S1939  2207                                                                
HOW1023S1940  2829  1770  1483  1349  1412  2329  1106  1869  1347  1504          
HOW1023S1950  1856  2487  1404  1882  2254  1979  1650  1941  1615  1447          
HOW1023S1960  1577  1432  1105  1116   985   651   656   941   864  1490          
HOW1023S1970  1685  1339  1434  1801  2206  2255  2077  1511  1605  1758          
HOW1023S1980  1472  1909  1308  1230  1199  1611  1595  1281   850   874          
HOW1023S1990  1279  1660  1555  1290   763   989  1356  1535  1305  1353          
HOW1023S2000  1152  1178  1189   875  2104  2087  1618  1640  1146  1335          
HOW1023S2010  1967  1750  1784  1053 -9999
HOW1025N1935  2383  2092  2358  2244  1572                                        
HOW1025N1940  1700  1241  1262  1149  1359  1407  1032  1260  1454  1360          
HOW1025N1950  1425  1951  1222  2180  2303  1829  1416  1258  1239   911          
HOW1025N1960   839   881   598   560   569   375   480   589   551   494          
HOW1025N1970   440   416   317   282   438   434   476   366   454   375          
HOW1025N1980   565   619   645   410   516   603   656   606   554   576          
HOW1025N1990   890   961  1103   823   765   770   842   828  1166  1085          
HOW1025N2000  1117  1065  1142   893  1041   979  1010   805   991   851          
HOW1025N2010   950   959  1018   812 -9999
HOW1025S1935  1953  2005  2197  2350  2378                                        
HOW1025S1940  2013  1544  1685  1819  1688  1781  1198  1541  1583  1711          
HOW1025S1950  1699  2034  1076  1718  1973  1637  1211  1404  1264  1075          
HOW1025S1960  1064  1006   739   802   863   466   701   845   777   592          
HOW1025S1970   575   425   382   405   549   602   546   483   783   510          
HOW1025S1980   636   654   689   596   731  1016   988   938   724   751          
HOW1025S1990  1199  1301  1425  1001   922   726   857   865  1205  1060          
HOW1025S2000  1180  1024  1147   953  1154  1299  1266   993   982   974          
HOW1025S2010  1127  1104  1143  1098 -9999
HOW1026N1930  1839  2992  3062  2589  2419  2509  2439  2977  2519  2696          
HOW1026N1940  2918  2355  1612  1969  1882  2147  1548  1508  1684  1997          
HOW1026N1950  2051  1807  1221  1463  1342  1568   959  1015  1330  1046          
HOW1026N1960   963  1080   716   996   943   572   616   781   802  1212          
HOW1026N1970  1388   850   763   730   726   862   722   511   575   473          
HOW1026N1980   699   732   322   238   361   470   557   460   377   291          
HOW1026N1990   467   524   591   589   345   300   237   392   289   408          
HOW1026N2000   467   512   435   243   264   403   403   452   376   300          
HOW1026N2010   559   218   174   175 -9999  
HOW1026S1930  1909  2685  2622  2360  2258  2652  2747  2899  2139  2258          
HOW1026S1940  2768  2209  1717  1511  1555  1990  1280  1316   991  1704          
HOW1026S1950  1608  1656   964  1183  1432  1173   944   917   989   947          
HOW1026S1960  1028  1043   792  1049  1032   601   649   749   833   970          
HOW1026S1970  1114   888   706   648   771   741   496   377   474   360          
HOW1026S1980   612   622   320   278   322   391   473   450   397   467          
HOW1026S1990   550   698   618   607   295   316   270   473   335   401          
HOW1026S2000   377   400   383   303   257   557   567   617   383   367          
HOW1026S2010   582   208   218   279 -9999
HOW1027W1925  2699  2954  2784  2570  2561
HOW1027W1930  2667  2942  2904  2678  1886  1958  1612  1637  1889  2023
HOW1027W1940  1938  2125  1541  1269  1568  2111  1270  1795  1297  1360
HOW1027W1950  1358  1508  1296  1924  1318  1214   746  1061  1440  1038
HOW1027W1960   949   783   602  1078   952   641   748   772   778   923
HOW1027W1970  1119   835   677   455   579   897   567   382   607   355
HOW1027W1980   423   470   377   223   165   280   302   313   294   169
HOW1027W1990   371   253   410   385   273   150   188   211   190   100
HOW1027W2000   183   148   155   174    88   139   117   243    86   160
HOW1027W2010   195    95    79    97 -9999                                       
HOW1027E1925  2809  2622  2477  1996  2321
HOW1027E1930  2203  2888  3181  2976  2037  2380  2202  2262  2278  1899
HOW1027E1940  2199  2028  1344  1063  1317  1704  1070  1500   938  1135
HOW1027E1950  1128  1842  1285  1872  1367  1477   832   952  1086   890
HOW1027E1960   764   788   572   882   721   419   587   548   512   766
HOW1027E1970   812   796   816   667   722   826   700   483   786   591
HOW1027E1980   626   608   404   308   197   495   631   703   542   330
HOW1027E1990   605   414   595   753   546   340   340   398   507   542
HOW1027E2000   236   492   436   234   219   413   177   298    73   198
HOW1027E2010   360   179   208   160 -9999
HOW1028S1943  1831  1769  1767  1348  1267  2326  4162                            
HOW1028S1950  3978  3870  2373  2884  2204  2277  2202  2378  2345  2451          
HOW1028S1960  2458  2430  2014  2322  2349  1654  2027  1807  1864  2278          
HOW1028S1970  2010  1836  1862  1484  1665  1968  1657  1343  1516  1347          
HOW1028S1980  1447  1393  1340  1024   800  1056  1248  1313  1004  1160          
HOW1028S1990  1441  1391  1219  1081   607   763   675   680  1000   897          
HOW1028S2000   935   968   832   642   473   476   504   506   635   633          
HOW1028S2010  1112   873   841   696 -9999
HOW1028N1943  1785  1850  1700  1149  1678  2315  2306                            
HOW1028N1950  2361  2944  1602  2052  2029  1986  1599  1955  1900  2098          
HOW1028N1960  2210  2256  2420  2606  2532  1484  1623  1803  1756  1850          
HOW1028N1970  1882  1665  1560  1460  1795  1804  1499  1313  1564  1483          
HOW1028N1980  1416  1071  1425  1204   951  1113  1443  1130   851   693          
HOW1028N1990   918   934  1061  1096   699   668   645   752   855   923          
HOW1028N2000   776  1077   855   859   577   729   776  1246  1138  1015          
HOW1028N2010  1267   718   779   805 -9999                                                                                                                           
HOW1031S1936  1338  1697  2077  1709
HOW1031S1940  1688  1288  1215  1349  1437  1403   852  1049  1194  1343
HOW1031S1950  1280  1637   996  1385  1185  1154   930   893   773   709
HOW1031S1960   715   801   746   881   880   529   635   571   576   555
HOW1031S1970   776   531   480   354   470   411   438   320   433   254
HOW1031S1980   265   215   240    98    85   156   199   143   239   239
HOW1031S1990   453   713   623   678   395   203   202   220   214    90
HOW1031S2000   123   173   271   270   168    44   110    46    84    81
HOW1031S2010    47    34    42    68 -9999
HOW1031N1936  1381  1704  1925  1788
HOW1031N1940  1423  1190  1308  1347  1322  1129   881  1133  1057  1128
HOW1031N1950  1211  1523   932  1204   918   963   745   710   746   610
HOW1031N1960   648   760   653   776   651   503   613   639   518   624
HOW1031N1970   574   497   501   371   445   353   354   196   273   144
HOW1031N1980   295   215   229    87    89   192   426   327   417   385
HOW1031N1990   438   323   308   242   158   192   222   179   181   176
HOW1031N2000   209   339   198   133    60    91    74    48    69    48
HOW1031N2010    72 -9999 
HOW1033N1929   614                                                                
HOW1033N1930   701  1056  1124  1591  1664  1768  1662  2149  2384  2278          
HOW1033N1940  2371  1529  1531  1981  1912  1922  1580  1610   946  1144          
HOW1033N1950  1165  1723  1228  1687  1740  1626  1397  1592  1823  1315          
HOW1033N1960  1520  1709  1532  1697  1659  1238  1227  1110  1011  1715          
HOW1033N1970  1643  1081  1283  1133  1024  1173  1163   812  1114   637          
HOW1033N1980   941   740   864   478   614   670   785   749   580   518          
HOW1033N1990   649   692   603   714   407   325   270   393   589   398          
HOW1033N2000   433   466   671   463   427   468   283   410   456   335          
HOW1033N2010   589   412   357   299 -9999                                        
HOW1033S1929   574                                                                
HOW1033S1930   711  1174  1078  1477  1544  1974  1857  2197  2420  2082          
HOW1033S1940  2152  1541  1401  1546  1448  1813  1243  1521  1586  1436          
HOW1033S1950  1421  1632  1173  1719  2202  2170  1841  1944  2249  1978          
HOW1033S1960  2272  2080  1654  1931  1869  1092  1127  1232  1195  1981          
HOW1033S1970  2117  1690  1251  1281  1180  1300  1395  1067  1290   860          
HOW1033S1980  1119  1039  1160   707   949  1002  1266  1398  1064  1210          
HOW1033S1990  1780  1632  1469  1157   654   498   474   561   724   657          
HOW1033S2000   645   789   942   682   650   650   496   469   529   413          
HOW1033S2010   815   647   441   465 -9999
HOW1034S1940  2053  2229  2105  2117  2055  2953  1853  1958  1655  1715          
HOW1034S1950  1983  2530  1888  2408  2368  2636  2023  2180  2031  1720          
HOW1034S1960  1733  1699  1369  1283  1159   760   858   888   947   950          
HOW1034S1970   920   779   616   622   692   687   629   460   527   461          
HOW1034S1980   526   470   259   139   151   199   217   292   343   283          
HOW1034S1990   358   418   406   391   270   109    65   116   124   120          
HOW1034S2000   148   168   273   319   288   213   110   165     0   131          
HOW1034S2010   138   108    89    47 -9999                                                                               
HOW1035E1930  1636  1783  1478  1175  1122  1430   933  1389  1267  1111          
HOW1035E1940  1153   854   775   773  1015  1301   929  1521  2632  2982          
HOW1035E1950  3008  3349  2101  2262  2572  3172  2690  2948  2941  2629          
HOW1035E1960  2611  2367  1732  2188  2129  1420  2107  1655  1843  2327          
HOW1035E1970  2165  1733  1672  1414  1538  1540  1624  1684  1679  1257          
HOW1035E1980   917  1004   694   574   566   677   571   824   703   760          
HOW1035E1990  1890  2168  2469  2128  1375   971   980   736  1429  1083          
HOW1035E2000  1352  1304  1730  1256  1473  2054  2392  1743  1951  2066          
HOW1035E2010  2495  1984  1943  1497 -9999  
HOW1035W1930  1880  2227  1764  1624  1291  1692  1426  1603  1262  1219          
HOW1035W1940  1126   920  1066   994   725  1056   995  1000  1215  1521          
HOW1035W1950  1899  1476  1013  1044  1482  2183  2008  2473  2373  1928          
HOW1035W1960  2038  1820  1085  1353  1429   973  1140  1130  1120  1388          
HOW1035W1970  1472  1358  1292   970  1155  1339  1238  1055  1275   854          
HOW1035W1980   765   748   609   376   394   461   598   553   487   394          
HOW1035W1990   665   719   887   923   681   487   654   572   658   567          
HOW1035W2000   739   670   808   689   614   615   489   504   720   517          
HOW1035W2010   850   780   757   702 -9999                                                                                
HOW1036N1911   110    86    96   172   304   212   199    95    64                
HOW1036N1920   129    99   116   164   253   170   235   248   330   362          
HOW1036N1930   515   416   477   501   516   510   564   517   743   735          
HOW1036N1940  1008  1271   980   814   949  1180   873   945  1790  2418          
HOW1036N1950  3022  3201  2372  3078  2111  2101  1614  1962  1567  1666          
HOW1036N1960  1895  1876  1339  1541  1592  1252  1168  1062  1497  2052          
HOW1036N1970  1973  1544  1833  1332  1423  1643  1686  1337  1476  1569          
HOW1036N1980  1502  1138  1209   633   749   907  1142  1235  1165   944          
HOW1036N1990  1440  1269  1235  1113   665   446   471   580   644   653          
HOW1036N2000   635   949  1088  1003   714   593   559   787   838   640          
HOW1036N2010  1250   931   772   519 -9999                                        
HOW1036S1909   110                                                                
HOW1036S1910   137   130    80   110   192   325   201   186    93    62          
HOW1036S1920   150   100   130   200   240   151   206   275   333   469          
HOW1036S1930   572   874   918   773   942  1092  1069  1314  1547  1534          
HOW1036S1940  1894  1571  1274  1158  1648  1747  1284  1275  1087  1354          
HOW1036S1950  1784  1849  1284  2348  2061  2087  1701  1887  1677  1476          
HOW1036S1960  1584  1576  1320  1510  1506  1180  1076  1067  1340  1516          
HOW1036S1970  1651  1460  1473   939  1300  1375  1187   821  1089  1072          
HOW1036S1980  1012  1120   840   455   561   658   671   741   657   835          
HOW1036S1990  1071  1205  1287  1111   579   350   464   585   590   495          
HOW1036S2000   506   680   834   660   559   654   810  1019   921   688          
HOW1036S2010  1029   882   721   536 -9999
HOW1038W1939  2091                                                                
HOW1038W1940  2155  1626  1650  1726  2083  2277  1666  2035  1695  1745          
HOW1038W1950  1905  2305  1864  1707  1648  1785  1473  1677  1884  1552          
HOW1038W1960  1574  1697  1164  1291  1194   884   779  1038  1004  1135          
HOW1038W1970  1059  1019  1052   905   859  1041  1091   873   958   674          
HOW1038W1980   697   629   565   241   261   357   434   500   464   617          
HOW1038W1990   666   695   711   656   328   350   240   402   374   333          
HOW1038W2000   391   448   605   558   448   508   259   339   267   331          
HOW1038W2010   496   359   303   350 -9999
HOW1038E1939  2050                                                                
HOW1038E1940  1929  1399  1647  1713  2020  2570  2071  2005  1665  1715          
HOW1038E1950  1661  2071  1756  1964  2214  2213  1994  2213  2010  1631          
HOW1038E1960  1978  2058  1610  1833  1560  1404  1254  1507  1270  1587          
HOW1038E1970  1637  1168  1124  1066  1136  1199  1214  1100  1205   866          
HOW1038E1980   824   832   704   277   253   371   384   423   430   519          
HOW1038E1990   687   599   687   596   339   316   289   340   338   367          
HOW1038E2000   366   474   532   435   468   373   205   323   261   296          
HOW1038E2010   435   387   285   299 -9999
HOW1039E1894   573   333   305   190   231   288
HOW1039E1900   216   230   265   202   232   152   123   166   168   176
HOW1039E1910   159   236   208   207   243   284   167   115    26    54
HOW1039E1920   105   211   288   303   372   354   456   593   924  1310
HOW1039E1930  1380  1502  1200  1233  1142  1317  1646  2444  2400  2387
HOW1039E1940  2257  2317  1732  1642  1811  2279  2119  2175  2068  2057
HOW1039E1950  2480  2485  2223  2011  2877  3102  2379  2532  2510  2828
HOW1039E1960  2382  2338  2440  2287  1668  1817  1310  1902  1839  2308
HOW1039E1970  1814  2566  1873  2193  1962  2061  1988  1732  2438  1894
HOW1039E1980  2456  1902  1477  1136  1214  1398  1276  1537  1223  1279
HOW1039E1990  1923  1471  1550  1828   800   897   799  1263  1160  1489
HOW1039E2000  1561  1396  1324  1257   965  1279  1546  1516  1518  1732
HOW1039E2010  2625  1449  2678  1279 -9999                                    
HOW1039W1894   577   320   244   194   244   308                                  
HOW1039W1900   202   236   170   146   178   123   129   194   200   209          
HOW1039W1910   192   324   274   256   460   303   202   123    21   127          
HOW1039W1920   148   297   438   749   684   514  1063   888  1298  1223          
HOW1039W1930  1310  1273  1355  1418  1286  1558  1654  1977  1639  2044          
HOW1039W1940  2170  2087  1578  1292  1647  1571  1429  1039  1546  1682          
HOW1039W1950  1811  1840  1592   864  2054  2686  1720  2067  1612  1861          
HOW1039W1960  2211  2177  1571  1949  1653  1576   950  1876  1838  2253          
HOW1039W1970  2136  2125  1746  1668  1742  1992  2016  1870  2038  1298          
HOW1039W1980  1485  1282  1200   797   702   921  1092  1160   779   864          
HOW1039W1990  1130  1062  1170   983   514   663   562   752   906  1045          
HOW1039W2000  1128  1189   884   766   578  1016   795   956   787   950          
HOW1039W2010  1084   469   853   646 -9999     
HOW1044S1887   120   133    98
HOW1044S1890   134    97    99   131    93    80    81   101   156   152
HOW1044S1900   213   235   231   235   335   271   302   245   281   175
HOW1044S1910   234   221   357   257   105    85    87    80   113   131
HOW1044S1920   217   308   452   574   805   880   574   611   736   743
HOW1044S1930   956  1272  1126  1095  1061  1251   947  1066   997   909
HOW1044S1940   871  1213   887   930  1089  1197  1086  1330  1299  1753
HOW1044S1950  1772  2658  1619  1698  1476  1434   787  1392   864   924
HOW1044S1960   842   780   747  1037   935   870   695   923   919  1347
HOW1044S1970  1210  1442  1238   991   898   976   973   575   559   370
HOW1044S1980   309   355   240    40    35    79     0    96   114   106
HOW1044S1990   126   128   206   223   189   163   178   188   168   182
HOW1044S2000   187   207   247   217   195   177   143   168   105   123
HOW1044S2010   147   170   136   181 -9999
HOW1044N1887   135   107   113                                                    
HOW1044N1890   112    97   123   106    80    71   107   151   145   218                                                                                
HOW1044N1900   264   214   238   375   332   376   294   345   220   275          
HOW1044N1910   314   231   318   258   151    75    82    73    72   126          
HOW1044N1920   165   330   436   619   632   882   708   776  1216  1108          
HOW1044N1930  1297  1257  1241  1218  1089  1162  1094   919   841   896          
HOW1044N1940  1515  1503  1606  1246  1516  1725  1648  2025  1173  1570          
HOW1044N1950  1777  2373  1530  1582  1482  2040  1265  1583  1468  1443          
HOW1044N1960  1020  1183   822  1087   977   841   659  1108  1409  2078          
HOW1044N1970  2087  1940  2116  1850  1662  1747  1648  1251  1053   636          
HOW1044N1980   504   566   406   220   121   112    88   141   172   132          
HOW1044N1990   141   188   212   274   265   199   207   227   232   300          
HOW1044N2000   237   270   279   268   276   205   187   207   163   216          
HOW1044N2010   236   227   211   271 -9999                                                                           
HOW1045E1903  1105  1323  1150   787   602   495   408                            
HOW1045E1910   484   458   404   560   515   275   131    93   168    38          
HOW1045E1920   169   225   333   345   469   547   580   603   768   862          
HOW1045E1930   692   722   553   465   402   504   439   452   430   530          
HOW1045E1940   944   812   582   657   650   613   562   635   676   902          
HOW1045E1950  1128  1405  1030  1007  1086  1134   754  1056  1046  1117          
HOW1045E1960  1228  1831  1394  1249  1132  1019   820   985  1368  2020          
HOW1045E1970  1658  1574  1590  1453  1321  1281  1097  1019  1000   887          
HOW1045E1980   880   892   656   418   512   898   920  1056   629   575          
HOW1045E1990   872   688   782   980   374   284   391   463   493   623          
HOW1045E2000   764  1134  1356   882   837   731   585   785   618   531          
HOW1045E2010  1168  1069   954   452 -9999
HOW1045W1903  1128  1113   983   732  1039   938   704                      
HOW1045W1910   897   966   544   609   563   344   168   127   164    81          
HOW1045W1920   134   186   248   331   818  1302  1603  1605  1349  1109          
HOW1045W1930   941  1140  1250  1147   858  1021   817   862   737   903          
HOW1045W1940  1073  1121   707   519   591   581   525   613   469   644          
HOW1045W1950   604   996  1040  1086  1019   826   745   825   731   572          
HOW1045W1960   475   799   675   947   752   710   504   601   719   938          
HOW1045W1970  1005   943   977   891   869   851   768   414   520   380          
HOW1045W1980   353   342   238   195   181   342   352   419   385   338          
HOW1045W1990   539   701   698   648   226   194   211   318   284   354          
HOW1045W2000   446   583   689   369   363   349   193   301   210   265          
HOW1045W2010   346   319   333   174 -9999    
HOW1046W1874   731   747   928   685   764   821
HOW1046W1880   593   555   558   615   449   821   747   764   835   659
HOW1046W1890   618   542   534   715   496   499   497   521   552   645
HOW1046W1900   668   756   862  1081  1285  1240  1316  1390  1200  1174
HOW1046W1910  1003  1600  1598  1413  1006   704   520   193   148     0
HOW1046W1920   138   221   318   596   609   535   619   636  1274  1011
HOW1046W1930   918   973  1087   829   795   707   758   550   424   605
HOW1046W1940   619   773   730   819   831   864   599   700   477   685
HOW1046W1950   695  1023   960  1079   974   691   440   588   506   503
HOW1046W1960   402   684   335   670   483   458   332   498   481   719
HOW1046W1970   485   761   718   683   404   581   613   282   528   314
HOW1046W1980   328   310   246   175   141   174   212   354   214   267
HOW1046W1990   231   196   304   372   146   217   122   190   100   196
HOW1046W2000   170   386   210   214    66   106   133    43   136   130
HOW1046W2010   100    45 -9999
HOW1046E1874   664   706   861   646   687   835
HOW1046E1880   631   501   501   492   432   664   678   815   842   681
HOW1046E1890   608   577   470   662   522   533   604   799   914  1155
HOW1046E1900  1090  1304  1244  1214  1582  1547  1845  1755  1550  1368
HOW1046E1910  1401  1863  1986  1744  1179   691   404   186   149     0
HOW1046E1920   115   154   148   275   287   310   341   432   524   635
HOW1046E1930   864   748  1067  1146   802   675   540   534   494   699
HOW1046E1940   680   699   566   564   653   585   536   865   602  1338
HOW1046E1950  2591  3933  2071  1720  1342   936   637   844   733   810
HOW1046E1960   456  1044   337   653   522   548   359   454   461   675
HOW1046E1970   361   509   378   423   260   431   434   144   342   243
HOW1046E1980   241   237    92   139   128   265   112   203    83    87
HOW1046E1990   138   140   265   267    65   157   121   155    54   141
HOW1046E2000   156   166   216    82    73   146   113   145    95   165
HOW1046E2010 -9999                                                                          
HOW1047W1934  1310  1029   883   698   670   567                                  
HOW1047W1940   671   881   797   620   804   922   915   822   811   902          
HOW1047W1950  1012  1068   891   988  1270  1396  1207  1437  1289   886          
HOW1047W1960   679   706   602   702   714   648   615   725   927  1084          
HOW1047W1970  1315  1281  1111  1053  1120   995   882   706   812   648          
HOW1047W1980   583   528   380   357   452   545   581   618   486   425          
HOW1047W1990   664   624   816   911   531   459   521   555   550   513          
HOW1047W2000   516   462   724   558   629   659  1082  1059   871   846          
HOW1047W2010   849   688   591   483 -9999
HOW1047E1934  1377  1008   956  1058   856   630                                  
HOW1047E1940   895   964   756   613   849  1043  1227  1143   990  1096          
HOW1047E1950  1037  1118  1033  1349  1246  1577  1196  1251  1159  1032          
HOW1047E1960   799  1040   710   721   701   553   606   734  1003  1210          
HOW1047E1970  1138  1290  1264  1031  1209  1146  1213  1285  1199  1027          
HOW1047E1980  1044   681   818   641   540   623   608   603   606   448          
HOW1047E1990   740   673   559   493   305   375   324   427   431   524          
HOW1047E2000   899  1014  1017   628   785   671   900   758   753   718          
HOW1047E2010   795   801   612   457 -9999                                                                                
HOW1048N1933  1054   907  1173  1398  1471  1243  1149                            
HOW1048N1940  1403  1624  1150  1366  1637  1684  1303  1679  1257  1219          
HOW1048N1950  1106  1703  1346  1826  1761  1652  1409  1497  1426  1423          
HOW1048N1960  1386  1623  1458  1742  1511  1185  1043  1197  1290  1869          
HOW1048N1970  1906  1728  1732  1515  1410  1842  1573  1322  1253  1072          
HOW1048N1980  1080   967  1195   725   632   959   923   953   892   877          
HOW1048N1990  1103  1082  1152  1232   590   741   521   636   875   908          
HOW1048N2000   821   984   932   759   658   900   559   678   866   687          
HOW1048N2010   959   606   865   725 -9999
HOW1048S1933   993   982  1363  1441  1552  1311  1255                            
HOW1048S1940  1359  1991  1193  1072  1220  1208   956  1237  1054  1256          
HOW1048S1950  1241  1343  1079  1535  1461  1541  1235  1510  1350  1015          
HOW1048S1960  1102  1287  1220  1182  1063   937   902  1176   984  1400          
HOW1048S1970  1680  1507  1309  1281  1348  1305  1387   934  1149   925          
HOW1048S1980   989  1015  1107   761   764   766   800  1001   629   638          
HOW1048S1990   808   794   762   845   426   505   432   504   593   751          
HOW1048S2000   662   811   811   720   538   615   551   667   769   498          
HOW1048S2010   769   654   746   634 -9999                                                    
HOW1049W1875  1701  1747  1687  1793  1624
HOW1049W1880  1447   917  1169  1188  1123  1148  1071  1177  1246   835
HOW1049W1890   875   809   922   938   849   711   699   791  1029  1160
HOW1049W1900  1181  1101  1261  1228  1086  1229  1281  1354  1820  1600
HOW1049W1910  1419  1699  1845  1495   947   887   456   174    83     0
HOW1049W1920    71   137   156   174   228   205   360   732   917  1270
HOW1049W1930  1656  1870  1726  1347  1264  1163   993  1899  1868  2205
HOW1049W1940  2742  2628  1702  1361  1813  2420  1760  1624  1560  2252
HOW1049W1950  1745  2856  2582  3204  2602  1921  1533  1729  1325  1262
HOW1049W1960  1310  1461   981  1355  1232  1242   841  1101   890  1110
HOW1049W1970   854   876   931   770   750  1169  1180   817  1249   771
HOW1049W1980   765   750   565   434   431   438   415   397   416   328
HOW1049W1990   416   473   398   390   280   229   182   178   206   188
HOW1049W2000   186   263   293   251   252   204   173   149   216   165
HOW1049W2010   327   277   315   417 -9999
HOW1049E1862   775  1545  1909  1786  2064  1800  2580  1762
HOW1049E1870  2151  2119  2140  1769  1876  1991  1935  1521  1884  2046
HOW1049E1880  1700  1422  1488  1361  1131  1580  1591  1701  1705  1077
HOW1049E1890  1160  1335  1377  1493  1648  1537  1494  1367  1601  1674
HOW1049E1900  1719  1633  1714  1573  1619  1541  1488  1315  2049  1832
HOW1049E1910  1737  1931  2024  1798  1495  1178   696   332    49     0
HOW1049E1920    80   111   143   181   220   245   275   434   848  1263
HOW1049E1930  1004  1137  1242  1348  1286   998   987  1273  1350  1624
HOW1049E1940  2206  2105  1486  1095  1518  1260  1234  1785  1942  2144
HOW1049E1950  2481  2712  1913  2164  2133  2274  1855  1926  1657  1787
HOW1049E1960  1953  2202  1306  1620  1186  1127  1056  1022  1292  1937
HOW1049E1970  1384  1316  1085  1080   992  1295  1414  1313  1855  1158
HOW1049E1980  1107   878   738   588   519   575   509   523   529   401
HOW1049E1990   459   693   614   477   340   289   241   256   220   215
HOW1049E2000   149   206   228   196   184   174   105   143   158   155
HOW1049E2010   266   168   245   236 -9999
HOW1054W1883   412   486   264   431   582   503   410                            
HOW1054W1890   294   247   226   200   239   221   238   366   211   260          
HOW1054W1900   352   461   521   400   452   391   513   472   427   487          
HOW1054W1910   521   445   530   514   325    89    23    99    99   140          
HOW1054W1920   174   252   315   314   433   379   448   568   431   610          
HOW1054W1930   667   786  1009   935   730   672   746   617   540   500          
HOW1054W1940   785   826   728   601   719   776   859  1260  1713  1944          
HOW1054W1950  2239  2314  1775  2354  2065  1945  1645  1736  1603  1337          
HOW1054W1960  1224  1095   966  1210  1143  1005  1168  1456  1654  1780          
HOW1054W1970  1811  1764  1478  1494  1213  1333  1204  1132  1270   975          
HOW1054W1980   886   987   836   498   489   665   591   722   794   714          
HOW1054W1990   797   879   923   898   603   504   554   586   640   670          
HOW1054W2000   710   886  1081   813   748   703   563   662   793   690          
HOW1054W2010  1002   938   888  1003 -9999  
HOW1054E1884   749   222   471   535   426   261                                  
HOW1054E1890   217   183   165    87   179   216   198   329   550   901          
HOW1054E1900   519   496   661   514   381   325   495   381   471   453          
HOW1054E1910   437   360   480   450   266   180   132   138   110   183          
HOW1054E1920   183   285   364   300   370   489   625   883   801  1064          
HOW1054E1930   856   966  1045   675   492   604   749   623   616   620          
HOW1054E1940  1062  1429   994   619   633   699   838   996   971  1255          
HOW1054E1950  1477  1589  1209  1095  1052  1290  1203  1327  1644  1463          
HOW1054E1960  1493  1441  1176  1298  1271   942   867   857  1064  1106          
HOW1054E1970  1254  1132  1250  1011  1012  1008   794   799   887   556          
HOW1054E1980   584   564   550   388   337   481   352   419   455   472          
HOW1054E1990   606   598   595   671   454   471   448   506   548   586          
HOW1054E2000   627   911  1082   893   728   765   759   847   683   653          
HOW1054E2010   865   603   817   957 -9999                                                                              
HOW1055S1867   830   946   784
HOW1055S1870   964   820   734  1012   764   707   696   681   484   548
HOW1055S1880   677   441   471   591   415   676   622   587   737   425
HOW1055S1890   488   391   286   305   267   320   439   498   586   642
HOW1055S1900   556   565   601   524   421   377   436   380   372   303
HOW1055S1910   362   510   663   468   278   216   116    95    87     0
HOW1055S1920    54    25    58    90   146   137   166   218   335   432
HOW1055S1930   563   620   629   551   611   514   589   551   611   818
HOW1055S1940  1365  1300  1002   766   747   648   523   640   832  1091
HOW1055S1950  1635  2497  2014  2384  1986  1716  1329  1471  1310  1040
HOW1055S1960   729  1078   906  1329  1251   998   728   755  1143  1571
HOW1055S1970  1885  1835  1564  1335  1727  1647  1381  1035  1040   858
HOW1055S1980  1029  1572  1253  1159  1034  1079  1239  1261  1059  1231
HOW1055S1990  1103  1079  1028   985   633   464   500   469   602   554
HOW1055S2000   500   587   819   642   712   725   616   578   664   482
HOW1055S2010   666   798   419   426 -9999                                     
HOW1055N1866   792   448   462   678
HOW1055N1870   861   900   452   732   724   836   672   519   548   604
HOW1055N1880   398   537   558   375   368   392   337   431   399   234
HOW1055N1890   338   371   331   232   161   165   127   170   267   498
HOW1055N1900   407   487   358   483   535   554   511   440   392   378
HOW1055N1910   372   355   298   362   382   326   169    53    37     0
HOW1055N1920    45    18    95    92   148   163   220   269   318   469
HOW1055N1930   512   468   592   599   614   560   638   748   818   624
HOW1055N1940   665   756   631   513   568   631   670  1044   892   960
HOW1055N1950  1123  1429  1524  2459  1982  1886  1319  1578  1544  1373
HOW1055N1960  1209  1416  1083  1483  1535  1267  1209  1150  1613  1460
HOW1055N1970  1749  1637  1467  1336  1297  1187  1116   703   901   691
HOW1055N1980   944  1076   978   724   660   906   763   825   805   763
HOW1055N1990  1021   947   858   996   532   402   469   463   597   587
HOW1055N2000   524   519   810   638   554   490   373   387   378   339
HOW1055N2010   414   397   450   358 -9999
HOW1061E1911   444   638   852   581   432   272   201   211   157                
HOW1061E1920   254   225   199   217   527   476   719   763   950   736          
HOW1061E1930   656   865   858   669   575   545   517   464   415   356          
HOW1061E1940   475   483   440   360   359   304   302   562  1143  3855          
HOW1061E1950  3243  4415  2629  2149  1580  1154   950  1012   944   766          
HOW1061E1960   599   963   986  1469  1347  1060  1293  1555  1432  1918          
HOW1061E1970  1585  1276   948   996  1244  1385  1135   852  1080   700          
HOW1061E1980   700   644   621   361   309   446   517   645   604   604          
HOW1061E1990   782   945   872   878   467   579   417   534   690   622          
HOW1061E2000   612   797   913   872   707   914   727   631   787   436          
HOW1061E2010   693   846   444   460 -9999
HOW1061W1911   437   674   957   606   358   202   140   150   166                
HOW1061W1920   217   240   329   329   580   655   787  1175   899  1044          
HOW1061W1930   919   934   905   504   425   438   457   400   426   461          
HOW1061W1940   426   532   406   354   384   299   291   335   242   741          
HOW1061W1950   812   926   829  1728  2028  1545  1258  1147  1552  1027          
HOW1061W1960   686   986   959  1036   869   577   517   538   635  1165          
HOW1061W1970  1102   910   663   513   601   835   735   508   748   440          
HOW1061W1980   487   496   479   265   253   467   420   543   502   471          
HOW1061W1990   645   832   732   796   471   540   368   463   649   636          
HOW1061W2000   527   589   669   645   545   715   572   657   778   489          
HOW1061W2010   894   934   735   634 -9999                                                                                     
HOW1064E1942   691   772   961   935   721   637   769   649                      
HOW1064E1950   765  1042   946  1566  1844  2931  2544  2497  2872  2340          
HOW1064E1960  2415  1806  1012  1381  1316  1169  1110  1023  1337  1917          
HOW1064E1970  1720  1714  1980  1644  1828  1665  1575  1128  1480  1213          
HOW1064E1980  1303  1221  1035   616   505   844   957   988   913  1095          
HOW1064E1990  1120  1055  1233  1159  1018   662   638   680  1061   771          
HOW1064E2000   727   968   869   793   691   613   454   455   414   464          
HOW1064E2010   771  1124   682   564 -9999 
HOW1064W1943   768   947   978   803  2137  2824  2556                            
HOW1064W1950  2302  1989  2171  2822  2418  1843  2052  2078  2059  1916          
HOW1064W1960  2064  1856  1573  1749  1916  1732  2013  2001  2257  3001          
HOW1064W1970  3064  2741  2244  2126  2413  2219  1997  1542  1706  1439          
HOW1064W1980  1797  1539  1333   938   712  1217  1385  1432  1155  1104          
HOW1064W1990  1344  1263  1307  1348  1181   774   861   846  1298   818          
HOW1064W2000   681  1074   947   913   817   527   510   577   432   439          
HOW1064W2010   608   700   590   439 -9999                                            
HOW1066N1871  1186  1376  1698  1342  1386  1681  1478  1277  1176                
HOW1066N1880  1301  1372  1533  1253   977   898   878   845  1252   824          
HOW1066N1890   960   914   636   800   636   525   618   655   521   601          
HOW1066N1900   767   710   712   587   713   795   735   596   576   593          
HOW1066N1910   550   573   490   567   988   955   642   483   405   289          
HOW1066N1920    31   145    83    77   164   158   129   294   288   395          
HOW1066N1930   625   784   895   952   777   719   934   731   721   752          
HOW1066N1940   714   840   644   631   629   554   659  1069   821   817          
HOW1066N1950   157   639  1044  2805  2710  2974  2161  2533  2258  1943          
HOW1066N1960  1849  1536  1245  1290  1106   966   715  1034  1377  1716          
HOW1066N1970  1309  1086   860   855   794  1035  1047   610   786   722          
HOW1066N1980   829   638   497   308   207   230   310   454   418   540          
HOW1066N1990   399   372   502   591   314   265   316   384   292   311          
HOW1066N2000   413   451   525   467   486   515   262   400   271   325          
HOW1066N2010   459   288   294   291 -9999
HOW1066S1871  1380  1124  1394  1283  2174  1813  1496  1471  1403
HOW1066S1880  1515  1421  1231  1172   919  1038   851   871  1136   654
HOW1066S1890   760   935   587   539   469   401   538   512   591   726
HOW1066S1900  1159   997   844   678   740   909   821   773   645   673
HOW1066S1910   598   942   974   794  1138  1269   787   722   587   297
HOW1066S1920   129    80   156   114   109   162   153   446   504   632
HOW1066S1930  1006  1226  1059   690   743   926  1564  1294  1606  1836
HOW1066S1940  2083  2231  1490   883  1137  1196   851   835  1041  2272
HOW1066S1950  3334  3183  2086  1534  1200   762   693   821  1231  1074
HOW1066S1960  1087  1064   797  1048  1053   771   670   692   825  1171
HOW1066S1970  1136  1657  1007   930   870   928   847   495   689   512
HOW1066S1980   554   580   569   335   277   374   448   571   551   438
HOW1066S1990   535   379   621   639   243   290   282   323   239   352
HOW1066S2000   474   447   567   450   472   654   474   644   474   454
HOW1066S2010   666   454   614   548 -9999
HOW1067E1871   902  1106   842   808   933   799   844   634   617                
HOW1067E1880   537   469   392   237   304   303   196   293   228   113          
HOW1067E1890   133    26    28    90    82    74    49    88    65    65          
HOW1067E1900    57   127   138    81   153   186    70    53    74    64          
HOW1067E1910    44    66    96    68    83    46    22    69    84     0          
HOW1067E1920    58    46    25    68    87    70    79    83   138   105          
HOW1067E1930   115   145   150   110   117   144   155    98    94   134          
HOW1067E1940   130   111   127   102   118    89    94   187   146   279          
HOW1067E1950   345   695   549   790   890   809   761  1319  1259   950          
HOW1067E1960   896  1074   808   890  1003   837   832   766   710   889          
HOW1067E1970   821   818   850   824   608   715   671   608   554   414          
HOW1067E1980   434   446   438   357   281   361   471   607   490   673          
HOW1067E1990   780   844   874   811   564   340   317   365   299   356          
HOW1067E2000   243   370   510   487   468   378   196   296   175   201          
HOW1067E2010   320   281   316   251 -9999   
HOW1067W1871   989  1245  1144   805   770   760   656   605   566                
HOW1067W1880   544   538   423   281   312   353   263   279   207   117          
HOW1067W1890   142    27    57    64    38    54    42    64    44    54          
HOW1067W1900    60   129   106    82   157   180    71    78    60    57          
HOW1067W1910    39    60    70    80    80    75    50    50     0     0          
HOW1067W1920    68    27    43    64   100    94    97    92    72    68          
HOW1067W1930   100   115    95    70    74   140   158   150   100   168          
HOW1067W1940   234   410   279   259   233   265   309   283   642   647          
HOW1067W1950   704   949   651   819   807   688   553   687   730   425          
HOW1067W1960   485   531   420   542   543   635   658   522   633  1070          
HOW1067W1970   912  1088  1230   910   862  1123   906   779   841   667          
HOW1067W1980   638   623   601   379   388   467   513   652   525   552          
HOW1067W1990   672   805   771   786   334   291   243   357   372   374          
HOW1067W2000   306   506   692   475   637   431   364   337   198   218          
HOW1067W2010   432   314   375   328 -9999
HOW1068N1890  1354   705   888   580   563   560   531   696   584   745          
HOW1068N1900   711   633   440   353   341   383   276   245   253   164          
HOW1068N1910   193   236   189   234   288   164    76    47     0     0          
HOW1068N1920    75    99    99   101    91   182   218   220   303   327          
HOW1068N1930   283   152   103    80   105    82    83    60   114    92          
HOW1068N1940    68   122   125    95   142   143   106   146   306   569          
HOW1068N1950   652   930   717   675   885   736   784   976  1012   732          
HOW1068N1960   858  1208  1034  1288  1294  1024  1087  1002  1395  1698          
HOW1068N1970  1718  1796  1498  1271  1453  1343  1278  1213  1405  1196          
HOW1068N1980  1069   961  1075   726   640   793   931   788   724   549          
HOW1068N1990   779   769   864   848   536   300   346   389   539   442          
HOW1068N2000   398   429   599   559   518   411   284   207   111    62          
HOW1068N2010   206   143   307   212 -9999
HOW1068S1890  1396   756   875   634   688   751   690   614   684   657          
HOW1068S1900   673   873   582   376   465   878   452   368   327   204          
HOW1068S1910   203   312   247   283   383   200   148   140    63     0          
HOW1068S1920    74   127   128   129   187   261   290   465   637   995          
HOW1068S1930   305     0    67     0   108     0    76    37    73     0          
HOW1068S1940    99    70    93    50   101   122   139   418   172   380          
HOW1068S1950   281   568   403   646   565   465   429   547   728   508          
HOW1068S1960   575   824   655   691   772   808   792  1005  1026  1073          
HOW1068S1970  1094  1097  1010   847  1011  1292  1495  1034  1182  1151          
HOW1068S1980  1132   989   998   631   546   799   930   848   740   560          
HOW1068S1990   799   938   917   952   633   317   459   520   786   501          
HOW1068S2000   559   650  1007   666   574   365   214   200    59     0          
HOW1068S2010   171   138   139   138 -9999
HOW1070E1955  1823  2113  2128  1788  2238                                        
HOW1070E1960  2369  2893  2375  2380  2424  2004  1959  1533  2098  2457          
HOW1070E1970  2236  2296  1786  1659  1866  1696  1527  2115  1980  1296          
HOW1070E1980  1536  1262  1235   639   429   592   810   877   845   916          
HOW1070E1990  1356  1380  1295   991   654   599   444   627  1058  1395          
HOW1070E2000  1098  1248  1329  1167  1244  1002   954   980  1299  1108          
HOW1070E2010  1951  1702  1927  1567 -9999
HOW1070W1955  1661  2352  1995  1679  1836                                        
HOW1070W1960  2326  2351  1692  2356  1991  1454  1656  1711  1833  2057          
HOW1070W1970  1873  1836  1541  1285  1572  1404  1246  1481  1355   871          
HOW1070W1980  1030   868   860   414   235   426   388   525   637   769          
HOW1070W1990  1029  1173  1096   885   676   456   571   655   898   804          
HOW1070W2000   818   890   983  1166  1076   659   674   775   722   711          
HOW1070W2010   937  1077  1114  1126 -9999
HOW1071W1879   924                                                                
HOW1071W1880   898   758   930  1233   826   971   905   573  1008   689          
HOW1071W1890   793   985   485   724   615   458   515   377   543   368          
HOW1071W1900   426   356   327   239   328   416   404   288   412   263          
HOW1071W1910   282   264   383   395   467   664   335   267   188   113          
HOW1071W1920   108   138   323   221   341   296   263   453   630   686          
HOW1071W1930   586   308   371   358   384   422   399   423   646   889          
HOW1071W1940   854   733   595   446   520   469   338   431   463   509          
HOW1071W1950  1090  1328   912   898  1070   950  1117  1380  1617  1536          
HOW1071W1960  1763  2340  1816  2279  1969  1403  1485  1739  1624  2297          
HOW1071W1970  2366  1721  1177  1020  1067   875   955   829  1019   676          
HOW1071W1980   841   866  1075   624   505   498   656   805   839  1097          
HOW1071W1990  1526  1435  1266   843   522   605   548   756   879   917          
HOW1071W2000   934  1043  1133   757   669   816   466   575   656   391          
HOW1071W2010   737   666   777   859 -9999                                                                                 
HOW1075W1938  1161  1492                                                          
HOW1075W1940  1503  1240  1098  1139  1203  1217   901  1017  1199  1159          
HOW1075W1950  1106  1268   916  1353  1221  1225  1430  1385  1271  1116          
HOW1075W1960  1504  1586  1223  1286  1134   739   724   926   978  1285          
HOW1075W1970  1239  1006  1280  1031  1305  1199  1107   857   734   447          
HOW1075W1980   545   545   512   223   220   465   350   491   570   446          
HOW1075W1990   501   575   580   604   284   143   204   202   351   308          
HOW1075W2000   163   341   454   367   165   426   176   151   160   125          
HOW1075W2010   247   154   160   114 -9999
HOW1075E1938  1203  1576                                                          
HOW1075E1940  1328  1177  1521  1623  1505  1871  1399  1607  1255   856          
HOW1075E1950  1054  1165   820   924  1094   893  1085  1322   963  1240          
HOW1075E1960  1412  1214   850   905   777   590   708   708   865  1251          
HOW1075E1970  1299  1111  1010   950  1165  1313  1369  1152  1086   474          
HOW1075E1980   591   572   543   305   201   457   514   537   521   479          
HOW1075E1990   475   494   639   604   302   184   181   184   326   279          
HOW1075E2000   202   277   417   234   194   254   160   138   131   120          
HOW1075E2010   206   145    80    97 -9999
HOW1079N1938  1946  1738                                                          
HOW1079N1940  1712  1339  1283  1332  1246  1364  1012  1296  1108   877          
HOW1079N1950  1041  1225   759  1203  1085  1265   936   863   809   875          
HOW1079N1960   759  1037   877   713   867   731   832   905   845  1139          
HOW1079N1970  1318  1203  1336  1057  1105  1078   988  1149  1010   645          
HOW1079N1980   632   647   448   228   238   470   580   748   763   629          
HOW1079N1990   676   588   715   642   503   320   172   193   248   140          
HOW1079N2000   208   241   204   265   190   168    70   156   173 -9999
HOW1079S1938  2119  1820                                                          
HOW1079S1940  1873  1397  1163  1189  1349  1465   982  1228  1200  1098          
HOW1079S1950  1142  1378   841  1359  1117  1077   953   958   868   846          
HOW1079S1960   859   976   797   888   885   730  1067  1204  1145  1241          
HOW1079S1970  1227  1100  1559  1341  1331  1092  1359  1245   966   806          
HOW1079S1980   778   962   620   294   351   499   483   556   551   374          
HOW1079S1990   565   472   518   533   515   291   138   181   229   287          
HOW1079S2000   237   305   310   310   293   256   171   145   184 -9999 
HOW1080W1892  1030  1100  1330  2990  1730  3790  5490  5360
HOW1080W1900  4500  4740  6850  2340  5050  4230  3770  4350  3310  2670
HOW1080W1910  2450  2190  2570  4340  3570  3300  1070   490   280   650
HOW1080W1920  3020  3780  5900  5010  4960  5020  4950  5100  6160  6280
HOW1080W1930  6740  8520  8180  8410  7120  6880  6330  7320  6800  7280
HOW1080W1940  9280  8280  5450  5670  7730  5790  5920  7710  5250  6810
HOW1080W1950  7730  8090  5070  6700  5820  6230  5200  6700  8750  7380
HOW1080W1960  6950     0 -9999
HOW1080E1922   602   510   458   507   489   475   641   632
HOW1080E1930   654   899   858   800   699   677   598   734   680   781
HOW1080E1940   870   794   558   521   808   606   595   758   531   647
HOW1080E1950   705   879   558   673   589   570   622   667   890   711
HOW1080E1960   729   820   646   705   705   494   636   612   533   665
HOW1080E1970   619   522   555   488   674   764   950   478   458   292
HOW1080E1980   411   353   306   143   141   331   622   712   773     0
HOW1080E1990     0     0   498   617   550   507   614   473   201    86
HOW1080E2000   169   143   170   179     0   172   110    95   123 -9999
HOW1081W1901   970   737   537   646  1002   744   527   670   724                
HOW1081W1910   643   949   826   623   780   746   545   349   216   158          
HOW1081W1920   181   238   357   488   801   743  1080  1164  1222  1217          
HOW1081W1930  1196  1835  1657  1778  1703  1969  1502  1628  1837  2139          
HOW1081W1940  2117  2308  2087  1642  1781  1709  1294  1674  1518  1876          
HOW1081W1950  1810  2229  1669  1817  1766  1630  1098   977  1039   758          
HOW1081W1960   766  1094   722   766   818   628   747   797   679   864          
HOW1081W1970   822   651   590   476   650   675   606   476   344   280          
HOW1081W1980   333   341   400   209   238   382   515   509   552   418          
HOW1081W1990   641   663   773   735   571   489   502   455   709   701          
HOW1081W2000   615   575   521   444   360   389   353   420   351   378          
HOW1081W2010   483   353   360   323 -9999     
HOW1081E1901   878   745   685   800   742   672   727   833  1079                
HOW1081E1910   765   738   586   550   854   739   469   298   186   125          
HOW1081E1920   123   109   229   323   647   806   687   646   817  1045          
HOW1081E1930  1056  1309  1197  1151   845   938   768   829   866   910          
HOW1081E1940  1014  1134   892   935  1000  1118   908  1309  1545  1825          
HOW1081E1950  1750  2136  1477  1642  1390  1496  1149  1291  1439  1202          
HOW1081E1960  1249  1542   981  1057   961   802   992  1074  1262  1540          
HOW1081E1970  1460  1317  1267   878  1078  1299  1228  1282  1040   840          
HOW1081E1980   872   823   758   569   743   931   908   720   468   258          
HOW1081E1990   364   409   469   459   328   273   303   418   465   646          
HOW1081E2000   670   645   602   527   508   626   658   774   667   729          
HOW1081E2010  1332  1125  1107   902 -9999
HOW1083N1934  1892  2037  2574  2120  2544  2014                                  
HOW1083N1940  2041  1013  1480  1945  1746  2047  1708  1495  1604  1621          
HOW1083N1950  1303  1518   681  1327   911  1238   832   907  1096   827          
HOW1083N1960   650  1219   788   743   702   821   818   572   597   734          
HOW1083N1970   599   926   837   668   678   512   584   503   657   378          
HOW1083N1980   242   276   144    38   133   211   245   386   371   569          
HOW1083N1990   471   486   678   371   216   191   126   132   184   144          
HOW1083N2000   175   231   256   265   132    73    61   101 -9999
HOW1083S1934  1864  1957  2247  1780  2171  2027                                  
HOW1083S1940  1428  1136   943   963  1385  1324   899  1068   860   893          
HOW1083S1950   857  1102   659   748   739   824   644   680   850   565          
HOW1083S1960   515   717   802   792   810   614   630   558   662   742          
HOW1083S1970   727   612   700   684   616   539   541   381   478   359          
HOW1083S1980   326   394   177   156   110   230   250   212   496   488          
HOW1083S1990   564   581   267   203    60    57    48   120    84   111          
HOW1083S2000   112   115    60   103 -9999 
HOW1084N1932  1214  1090  1144  1338  1604  1929  2238  2280
HOW1084N1940  2097  1587  1654  1718  1728  1514  1324  1327  1493  1355
HOW1084N1950  1391  1517  1306  1666  1972  1779  1574  1344  1645  1225
HOW1084N1960  1289  1128  1146  1243  1314   952  1025  1023   978  1094
HOW1084N1970  1218  1011   911   709   686   532   447   363   336   309
HOW1084N1980   304   254   117    95    76   110    89    92   122   134
HOW1084N1990   182   209   168    75    61    94    74   129   111    80
HOW1084N2000   111   103    90    45   115 -9999  
HOW1084S1932  1286   976  1257  1542  1548  1884  1948  1985
HOW1084S1940  2307  1657  1796  1871  1937  2245  1742  1520  1703  1598
HOW1084S1950  1702  1871  1619  1809  1626  1522  1321  1416  1539  1063
HOW1084S1960  1067  1534  1275  1221  1317   913   963   998  1354  1505
HOW1084S1970  1511  1280  1387  1286  1108   886   861   765   567   443
HOW1084S1980   451   294   161    55    78   100    84    74    67    86
HOW1084S1990   116   144   127   115    52    64    79   124    62    76
HOW1084S2000    72 -9999                                                                                                                                                                                          
HOW1085W1938  2103  1685                                                          
HOW1085W1940  2486  1222  1603  1305  1787  2071  1549  1478  1386  1384          
HOW1085W1950  1569  1540  1112  1649  1577  1502  1246  1347  1396   816          
HOW1085W1960   683  1000   758   767  1000   866   807   595   533   719          
HOW1085W1970   697   706   602   492   659   742   643   744   491   362          
HOW1085W1980   352   276   278    32    28   145   101   130   221   114          
HOW1085W1990   187   207   235   291   336   156    94   252   575   532          
HOW1085W2000   181   138   139    47   126    75    73    38    26    61          
HOW1085W2010 -9999
HOW1085E1938  1941  1739
HOW1085E1940  1615  1017  1543  1421  1245  1383   897  1254  1606  1276
HOW1085E1950  1223  1237   902  1223  1291  1582  1070   984   986   905
HOW1085E1960   798   838   776   975   874   712   778   764   697   767
HOW1085E1970   726   542   536   504   629   606   553   573   600   428
HOW1085E1980   329   383   224   124    90   146   139   135   202   190
HOW1085E1990   275   386   278   116    35   153   124   171   129   167
HOW1085E2000   183   154   175   119   111   119    62   117    87    65
HOW1085E2010   165    66 -9999
HOW1086E1942  1598  1799  1710  2093  1569  1766  1583  1510                      
HOW1086E1950  1404  1592  1428  1487  1240  1541  1626  1507  1368  1172          
HOW1086E1960  1427  1202  1081  1464  1324  1036   969  1028  1089  1314          
HOW1086E1970  1471  1461  1361  1266  1431  1470  1387   854   810   594          
HOW1086E1980   624   688   511   245   160   248   272   362   468   410          
HOW1086E1990   608   667   924   951   505   419   278   399   526   769          
HOW1086E2000   699   901   867   815   636   600   575   631   677   690          
HOW1086E2010  1199   813   579   545 -9999  
HOW1086W1942  1901  1799  1869  2199  1738  1646  1777  1749                      
HOW1086W1950  1406  1860  1189  1307  1501  1373  1182  1319  1372  1133          
HOW1086W1960  1404  1493  1109  1209  1168  1150  1058   922  1126  1840          
HOW1086W1970  1698  1587  1557  1401  1554  1452  1430  1326  1152   723          
HOW1086W1980   812   708   623   289   210   311   349   406   456   394          
HOW1086W1990   559   607   725   790   402   323   260   429   403   501          
HOW1086W2000   429   633   714   749   619   695   604   590   457   570          
HOW1086W2010   648   527   445   457 -9999                                        
HOW1087E1873   627  1027   582   721   480  1029   599                            
HOW1087E1880   440   522   655   518   390   649   655   772   580   834          
HOW1087E1890   579   634   739   748   633   448   451   326   186   247          
HOW1087E1900   262   350   198   412   439   437   364   416   366   297          
HOW1087E1910   180   245   244   214   215   217   197   216   371   254          
HOW1087E1920   123   165   221   192   220   306   333   383   592   769          
HOW1087E1930   817  1127  1541  1836  2303  2309  1819  1282  1084  1011          
HOW1087E1940  1182   982  1175  1258  1510  1726  1672  1596  2112  1867          
HOW1087E1950  1903  2090  1770  2254  2095  2305  1636  2262  2074  1868          
HOW1087E1960  1883  1773  1262  1613  1690  1161  1251  1094  1311  1370          
HOW1087E1970  1666  1443  1245  1142  1529  1379  1577  1317  1330   977          
HOW1087E1980  1073  1045   854   337   403   569   490   509   456   466          
HOW1087E1990   581   546   573   587   247   179   391   326   242   356          
HOW1087E2000   376   747   955   843   858   678   404   642   483   454          
HOW1087E2010   596   489   401   396 -9999                                                                              
HOW1088E1939   585                                                                
HOW1088E1940  1666  1402  1532  1191  1163  1054  1058   990   787   853          
HOW1088E1950   715   636   447   712   730   991   733   885   763   522          
HOW1088E1960   413   775   636   552   492   438   583   629   607   880          
HOW1088E1970   742   625   685   641   567   560   553   541   715   361          
HOW1088E1980   334   362   229     1   185   181   208   265   152   227          
HOW1088E1990   310   295   321   250   111    31   140   152   192   245          
HOW1088E2000   277   344   453 -9999
HOW1093E1937  1531  1585  1606                                                    
HOW1093E1940  1859  1922  1534  1359  1642  1687  1201  1291  1232  1591          
HOW1093E1950  1644  2115  1591  1655  1747  1413   876  1177   947  1076          
HOW1093E1960   928   990   987  1201   962  1008  1130  1155  1259  1776          
HOW1093E1970  1328  1124   778   867   743   742   958   609   706   543          
HOW1093E1980   469   550   483   510   487   542   589   712   554   618          
HOW1093E1990   652   777   821   834   546   742   853   912   846   748          
HOW1093E2000   827  1165   868   589   699   968   793   973   806   683          
HOW1093E2010  1066   678   695   625 -9999
HOW1093W1937  1508  1614  1836                                                    
HOW1093W1940  1895  2092  1575  1644  1723  1835  1479  1844  1572  1795          
HOW1093W1950  1575  2759  2190  1915  1883  1738  1189  1646  1254  1371          
HOW1093W1960  1612  1955  1589  1550  1233  1454  1671  1878  2072  2948          
HOW1093W1970  2178  2741  1797  1827  1094  1350  1512  1046  1338  1161          
HOW1093W1980  1207  1110   799   546   627   945  1201  1056   738   772          
HOW1093W1990  1245  1582  1752  1679   815   709   850  1335  1268  1216          
HOW1093W2000   962  1459  1642  1116   924   803   812   878   891   608          
HOW1093W2010  1161  1032  1134  1096 -9999
HOW1095E1940  4127  3316  2000  1729  1791  1730  1606  1274  1908  1943
HOW1095E1950  1674  1753  1647  1816  1433  1325  1450  1717  1399  1277
HOW1095E1960  1326  1490  1311  1427  1449  1115  1081  1133  1427  1520
HOW1095E1970  1751  1593  1462  1368  1494  1619  1407  1263  1314  1049
HOW1095E1980   919   878   525   345   482   584   631   664   578   445
HOW1095E1990   631   639   969   969   489   447   497   529   568   509
HOW1095E2000   432   606   571   385   287   200     0     0    80   133
HOW1095E2010   249   204   198 -9999                                       
HOW1095W1940  4223  2999  2301  1729  1623  1669  1827  1992  1908  2357          
HOW1095W1950  1984  2059  1678  1831  1411  1675  1430  1688  1584  1401          
HOW1095W1960  1578  1597   779  1339  1497  1209   917   975   980  1132          
HOW1095W1970  1256  1237  1200  1219  1480  1635  1673  1253  1625  1109          
HOW1095W1980  1121  1116   676   380   449   611   498   615   579   493          
HOW1095W1990   517   581   594   518   329   280   287   267   269   248          
HOW1095W2000   168   235   342   277   351   393   215   216   224   205          
HOW1095W2010   346   269   267   308 -9999                                                 
HOW1097N1933  1524  1463  1386  1441  1385  1328  1573                            
HOW1097N1940  1760  1552  1164   958  1208  1121   741  1010  1006  1311          
HOW1097N1950  1211  1132   785  1162   836   907  1073  1258  1545   851          
HOW1097N1960   780  1192  1032   942   986   909   858   864  1432  1513          
HOW1097N1970  1100  1394  1368  1131  1247  1160   844   853   903   571          
HOW1097N1980   583   728   574   477   544   807   853   939   716   971          
HOW1097N1990   847   716   994   904   558   587   454   301   356   235          
HOW1097N2000   257   411   534   379   568   750   410   383   682   530          
HOW1097N2010   701   422   338   429 -9999
HOW1097S1933  1514  1400  1203  1431  1140  1232  1300                            
HOW1097S1940  1679  1075   797   681   891   860   715   636   839  1226          
HOW1097S1950  1073   949   739   880   712   890   902   955  1037   756          
HOW1097S1960   852  1281  1115  1147   937   750   664   638  1030  1158          
HOW1097S1970  1023  1013  1198   916  1301  1172   892   902  1203   969          
HOW1097S1980   792   913   828   547   653  1040  1153  1365  1061   947          
HOW1097S1990  1000  1125  1350  1126   693   502   595   957  1325   990          
HOW1097S2000   887   838   988   515   658   626   351   310   596   373          
HOW1097S2010   588   482   448   489 -9999                                                                               
HOW1100W1900   786   535   598   687   675   461   603   635   563   878          
HOW1100W1910   694   500   784   906   641   319   159   117    46   215          
HOW1100W1920   308   673   773   650  1023  1556  1299  2003  2126  1871          
HOW1100W1930  2266  2726  3238  2978  2542  2730  2051  3818  4153  3449          
HOW1100W1940  3581  3272  3079  2618  2810  2998  2279  2651  2459  2839          
HOW1100W1950  2446  3026  2707  2989  2879  2811  2214  2315  2394  2206          
HOW1100W1960  1700  1723  1399  1711  1368  1183   949   913   964  1095          
HOW1100W1970  1433  1163  1040   793  1105  1350  1267   738   853   652          
HOW1100W1980   768   771   588   391   384   510   653   665   573   391          
HOW1100W1990   575   592   662   678   387   293   298   337   377   318          
HOW1100W2000   341   360   481   364   343   338   236   370   329   386          
HOW1100W2010   552   365   486   527 -9999   
HOW1100E1900   765   550   632   739   678   417   482   419   488   569
HOW1100E1910   526   387   547   563   378   158    92    99    46   184
HOW1100E1920   330   626   602   623   848   822   912  1220  1429  1485
HOW1100E1930  1331  1712  2298  2478  2005  1967  2135  2610  2411  2344
HOW1100E1940  2913  2647  2524  2407  2357  2106  1824  1871  2177  2729
HOW1100E1950  2377  2469  1691  2242  1905  1958  1483  1617  1742  1849
HOW1100E1960  1493  1496  1367  1650  1585  1317  1206  1048  1287  1541
HOW1100E1970  1663  1510  1343  1060  1352  1389  1329   860   942   833
HOW1100E1980  1007   860   596   360   428   645   626   738   500   324
HOW1100E1990   550   461   550   489   269   217   240   216   274   222
HOW1100E2000   290   327   534   452   466   338   283   467   336   372
HOW1100E2010   576   433   583   454 -9999                                                                                                                     
HOW1107N1934  2105  2004  2403  2213  2716  2654                                  
HOW1107N1940  2539  1386  1204  1122   924  1514  1024  1528  1079  1304          
HOW1107N1950  1398  1774  1248  1964  2173  1878  1551  1491  1536  1162          
HOW1107N1960  1399  1412   988  1010  1033   618   859   964  1036  1276          
HOW1107N1970  1195   810   985   877   927  1054  1111  1313   972   711          
HOW1107N1980   578   515   399   220   141   286   430   638   693   637          
HOW1107N1990  1023   940  1193  1099   846   595   471   427   523   739          
HOW1107N2000   572   802   867   465   320   274   141   188   133    96          
HOW1107N2010   241   207   245   292 -9999 
HOW1107S1933  1366  1930  1874  1983  2333  2570  1906                            
HOW1107S1940  1958  1113   966   683   517   913   663   955   805  1089          
HOW1107S1950  1285  1334   930  1427  1428  1186  1342  1195  1255  1056          
HOW1107S1960  1516  1377  1038  1003  1022   558   807   991   818  1128          
HOW1107S1970  1125   871   943   700   819   745   965   965   769   495          
HOW1107S1980   546   481   399    87    88   190   226   367   413   296          
HOW1107S1990   489   583   780   688   396   368   302   376   263   356          
HOW1107S2000   295   442   577   370   191   210    32   156   166   106          
HOW1107S2010   248   229   281   218 -9999
HOW1111E1941  1564  1640  1763  1764  2480  1526  1676  1866  1898
HOW1111E1950  1981  2299  1594  1951  1571  1180  1176  1275  1382  1016
HOW1111E1960  1422  1194   703   970   792   488   709   863   555   509
HOW1111E1970   565   574   850   878   964  1002   791   894   872   832
HOW1111E1980   791   737   304   187   334   376   423   508   533   428
HOW1111E1990   346   259   300   346   384   177   195   252   294   223
HOW1111E2000   257   203   243   226   205   145    47   227   165   228
HOW1111E2010   136   199   110 -9999   
HOW1111W1941  2013  1639  1725  1915  2368  1465  1957  1639  1960
HOW1111W1950  2005  2160  1569  2034  1487  1184   902  1077  1061   849
HOW1111W1960   858   957   733   812   869   597   947   952   540   615
HOW1111W1970   695   572   838   643   739   788   679   818   815   635
HOW1111W1980   610   741   253   208   237   383   489   469   487   451
HOW1111W1990   509   328   433   344   402   130   121   140   142   134
HOW1111W2000   186   180   206   155   126   139     0   139    49   163
HOW1111W2010   136   105   108 -9999
HOW1114S1937  1141  1558  1279
HOW1114S1940  1439  1048  1116   948   630   981   652  1062   941   977
HOW1114S1950  1004  1376   775  1452  1190  1005  1029   899   973   857
HOW1114S1960   870  1032   987  1032   981   493   905  1055  1122  1565
HOW1114S1970  1625  1437  1402  1227  1425  1216  1194  1009   904   681
HOW1114S1980   683   530   144    81   171   238   399   368   515   449
HOW1114S1990   476   335   467   488   500   237   216   242   477   380
HOW1114S2000   330   409   592   537   410   192    77   101 -9999
HOW1114N1936  1507  1992  2112  1832
HOW1114N1940  1704  1837  1850   446   936  1899  1401  1578  1354  1262
HOW1114N1950  1005  1099   688  1504   993   785  1004   871   768   614
HOW1114N1960   805   991   746   815   731   482   838   927   994  1297
HOW1114N1970  1385  1177  1439  1332  1269  1220  1027  1021  1018   721
HOW1114N1980   675   529    75   202   246   396   422   307   279   417
HOW1114N1990   254   313   319   387   119   125   233   440   367   262
HOW1114N2000   345   481   375   291   254 -9999                                       
how1118s1936  2276  3089  2356  2086                                              
how1118s1940  2528  1641  1480  1532  1229  1882  1103  1203  1158  1483          
how1118s1950  1492  2043  1252  1589  1677  1654  1545  1741  1573  1418          
how1118s1960  1581  1483  1219  1313  1272   832   810  1157   973  1274          
how1118s1970  1416  1031  1214  1175  1670  1878  1493  1280  1399  1344          
how1118s1980  1270  1381   795   634   843  1153  1451  1345   956   827          
how1118s1990  1109  1114  1329  1022   561   502   507   527   711   889          
how1118s2000   873  1104   979   623   756   877   512   547   561   405          
how1118s2010   755   492   672   556 -9999                                        
HOW1118n1936  2221  2601  2943  2734                                              
HOW1118n1940  2994  1800  1727  1924  1682  2635  1678  2014  1849  1875          
HOW1118n1950  1695  2000  1320  1526  1347  1390  1362  1429  1432  1367          
HOW1118n1960  1726  1874  1620  1562  1429   924   894  1168  1299  1568          
HOW1118n1970  1469  1129  1426  1277  1489  1641  1562  1401  1559  1339          
HOW1118n1980  1443  1067   748   577   772  1578  1863  1272   896   706          
HOW1118n1990  1179  1038  1289  1301   693   691   872  1059  1925  2083          
HOW1118n2000  1543  1528  1623  1144   854  1074   817   625   656   584          
HOW1118n2010   916   376   758   802 -9999
HOW1119N1936  2609  3030  3069  2475
HOW1119N1940  2039  1667  1698  1593  1797  2077  1582  1653  1672  1639
HOW1119N1950  1574  1976  1332  1944  1759  1667  1559  1736  1749  1343
HOW1119N1960  1490  1917  1159  1106  1395   804   808   852   809  1189
HOW1119N1970   912   945  1060   979  1117  1240  1128   735   756   731
HOW1119N1980   832   648   327   188   245   387   300   260   402   315
HOW1119N1990   367   366   422   417   217   156   153    45    73    79
HOW1119N2000   199   229   216   200   225   117   116   225 -9999                                       
HOW1119S1936  2049  2536  2459  2244
HOW1119S1940  2467  1757  2032  1841  1926  1994  1488  1232  1480  1680
HOW1119S1950  1433  1513   974  1151  1113  1156   982  1346  1344  1095
HOW1119S1960  1308  1429  1203  1251  1233   682   559   764   768  1068
HOW1119S1970  1040   795   967   665   991   844   905   573   592   605
HOW1119S1980   720   815   396   187   219   345   379   426   409   303
HOW1119S1990   403   502   529   377   235   111   113   140   104   118
HOW1119S2000   155   219   128   139    93    86 -9999  
HOW1120N1843   585   518   501   303   408   169   166
HOW1120N1850   137   112   249   134   165   117   113    78   143   102
HOW1120N1860   124   220   370   440   716   457   453   407   552   416
HOW1120N1870   627   464   341   316   449   568   455   485   412   386
HOW1120N1880   386   261   320   281   357   410   483   591   476   359
HOW1120N1890   460   338   366   350   327   362   375   845   854   906
HOW1120N1900   736   764   526   611   531   520   427   471   544   440
HOW1120N1910   502   545   457   599   741   524   243    94    98    40
HOW1120N1920   181   285   484   698   749   667   564   561   820   704
HOW1120N1930   771   715   978   909   895  1037  1026  1198  1272  1224
HOW1120N1940  1410  1293  1139  1141  1127  1146   874  1327  1481  1701
HOW1120N1950  1580  1900  1318  1456  1791  1642  1177  1442  1588  1559
HOW1120N1960  1836  1862  1327  1660  1567  1124  1180  1745  1891  2383
HOW1120N1970  1876  1632  1947  1629  1683  1676  1660  1262  1549  1096
HOW1120N1980  1132   997   757   632   560   668   724   675   623   626
HOW1120N1990   728   568   743   804   463   384   368   386   395   437
HOW1120N2000   344   445   412   360   350   478   405   373   357   348
HOW1120N2010   525   409   314   484 -9999                                        
HOW1120S1843   661   497   509   321   398   171   187                            
HOW1120S1850   129    97   277   159   167   109    91    73   124   107          
HOW1120S1860   114   265   251   390   317   208   316   302   433   284          
HOW1120S1870   419   278   243   225   289   359   322   374   297   261          
HOW1120S1880   288   245   350   291   270   285   224   271   295   203          
HOW1120S1890   219   206   182   223   171   183   180   222   256   321          
HOW1120S1900   307   343   340   375   409   422   331   328   372   315          
HOW1120S1910   300   346   323   380   586   400   225    96   115    28          
HOW1120S1920   147   172   286   518   684   663   570   617   675   721          
HOW1120S1930   843   975  1389  1320  1472  1724  1736  1954  2331  2151          
HOW1120S1940  2539  2202  1719  1666  1589  1745  1225  1729  1670  1801          
HOW1120S1950  1915  2362  1728  1685  2202  2283  1809  2145  2286  1919          
HOW1120S1960  2054  2003  1489  1698  1625  1081  1117  1701  1717  2383          
HOW1120S1970  2230  1855  1851  1404  1570  1804  1698  1319  1502  1050          
HOW1120S1980  1120   984   815   627   599   713   697   684   695   634          
HOW1120S1990  1017   744   938  1027   578   519   522   462   493   519          
HOW1120S2000   427   504   539   470   417   507   413   444   425   294          
HOW1120S2010   628   412   421   478 -9999
HOW1122S1909   424                                                                
HOW1122S1910   370   581   561   467   398   137   144   241   163   258          
HOW1122S1920   369   312   696  1179  1221  1505  1669  1605  1666  1709          
HOW1122S1930  1871  2384  2508  2370  2227  2492  2475  2966  2933  2794          
HOW1122S1940  2540  2160  1768  1711  1663  2040  1456  1716  1500  1253          
HOW1122S1950  1679  2010  1383  1580  1407  1528  1071  1486  1753  1273          
HOW1122S1960  1065  1443   957  1117  1063   724   789  1205  1279  1330          
HOW1122S1970  1298  1057  1195   909  1084   945   969  1064  1228  1095          
HOW1122S1980   945   698   492   382   558   696   633   620   490   398          
HOW1122S1990   589   783   777   637   334   261   271   354   303   319          
HOW1122S2000   283   345   399   287   217   221   145   164   137   196          
HOW1122S2010   300   303   295   262 -9999
HOW1122N1909   350                                                                
HOW1122N1910   548   524   438   410   185   143   270   197   254   401          
HOW1122N1920   366   670  1070  1308  1000   978  1254  1448  1591  1584          
HOW1122N1930  1962  2280  2079  2109  1664  1804  2246  2685  2481  2393          
HOW1122N1940  2754  1986  1551  1478  1499  2065  1436  1663  1914  1431          
HOW1122N1950  1773  2216  1251  1644  1510  1250  1019  1470  1526  1152          
HOW1122N1960  1079  1232   819  1058  1192   715   665   815   837   965          
HOW1122N1970   954   902  1147   874   924   863   848   925  1152   990          
HOW1122N1980  1284   750   544   458   585   715   800   900   668   588          
HOW1122N1990   827   926  1022   875   511   534   440   556   519   706          
HOW1122N2000   701   823   718   547   538   513   517   420   320   485          
HOW1122N2010   718   475   501   495 -9999                                         
HOW1123N1924   846  1092  1422  2151  2748  2616                                  
HOW1123N1930  2312  2979  2914  2570  2102  2330  1991  1965  2341  2292          
HOW1123N1940  2505  1813  1735  1725  1985  1702  1653  1806  1383  1554          
HOW1123N1950  1668  1895  1096  1840  1265  1602  1628  1720  1687  1314          
HOW1123N1960  1483  1779  1218  1372  1295   745  1114   958   964  1164          
HOW1123N1970   974   812  1128   726   827   776   717   711   673   509          
HOW1123N1980   520   504   437   383   421   465   622   583   628   507          
HOW1123N1990   633   563   602   477   408   317   330   305   270   311          
HOW1123N2000   381   461   627   487   615   703   677   527   620   555          
HOW1123N2010   839   508   500   526 -9999    
HOW1123S1924   811  1413  1542  2136  2354  2612                                  
HOW1123S1930  2673  3346  2998  2372  2165  2508  2465  2427  1869  1689          
HOW1123S1940  2160  1965  1999  1894  2206  2371  1582  1856  1799  2013          
HOW1123S1950  1766  1888  1222  1962  1237  1383  1318  1377  1422   933          
HOW1123S1960  1132  1166   801  1059  1118   702   953   722   747   821          
HOW1123S1970   991   768   903   624   979   838   782   582   720   498          
HOW1123S1980   551   607   459   376   447   401   433   473   434   405          
HOW1123S1990   458   481   501   577   344   241   316   304   327   302          
HOW1123S2000   310   347   492   331   391   494   419   339   334   322          
HOW1123S2010   523   280   300   341 -9999                                        
HOW1125W1925  1490  1354  1571  2471  2505                                        
HOW1125W1930  3142  4222  4025  3479  2802  2930  2814  2791  2798  3143          
HOW1125W1940  2528  2382  2336  1741  1474  1441   915   921   627  1380          
HOW1125W1950  1572  2177  1216  1848  1833  1603  1145  1326  1634  1687          
HOW1125W1960  1478  1466   975  1121  1267   851   883   826   678  1007          
HOW1125W1970   956   715   580   603   631   894   870   456   711   530          
HOW1125W1980   571   896   358   273   287   262   327   269   276   183          
HOW1125W1990   197   218   205   270   143    48   111   132    89   125          
HOW1125W2000   153   148   168   160    31   106   179   110   156    52          
HOW1125W2010    80    60    35    42 -9999
HOW1125E1925  1353  1170  1316  1670  1758                                        
HOW1125E1930  1706  2317  2755  3013  2249  2103  2068  1862  2330  1970          
HOW1125E1940  1632  1472  1462  1642  1595  1760  1458  1350   907  1431          
HOW1125E1950  1659  2242  1319  1854  1190  1278   902  1163  1186  1210          
HOW1125E1960  1022  1257   843   910  1228   754   658   595   538  1033          
HOW1125E1970   961   705   881   508   580   907   849   389   635   612          
HOW1125E1980   555   561   226   188   219   313   349   282   325   181          
HOW1125E1990   208   247   228   251   144    75   138   156   119   140          
HOW1125E2000   151   173   170   137    92   114   131    51    97   154          
HOW1125E2010    87    53    40    40 -9999                                      
HOW1127S1929  2632                                                                
HOW1127S1930  2410  3217  3110  2269  2192  2444  2202  2806  2777  2160          
HOW1127S1940  2724  1975  2056  1772  1597  1910  1534  1400  1344  1535          
HOW1127S1950  1874  1761  1192  1794  1776  1657  1377  1929  1878  1791          
HOW1127S1960  1647  1791  1346  1485  1631   849  1124  1255  1161  1575          
HOW1127S1970  1896  1646  1756  1500  1569  1654  1459  1479  1360  1357          
HOW1127S1980  1493  1117   959   887  1101  1264  1410  1349   927   963          
HOW1127S1990  1208  1076   917  1005   628   562   441   454   521   415          
HOW1127S2000   403   538   512   441   324   317   277   320   245   165          
HOW1127S2010   243   125   128   123 -9999
HOW1127N1929  2585                                                                
HOW1127N1930  2502  2693  2383  2015  2131  1944  2026  2302  2256  1915          
HOW1127N1940  2214  1609  1474  1357  1243  1247   878   804   791   982          
HOW1127N1950  1159  1061   736  1045   972  1157  1082  1273  1206  1106          
HOW1127N1960  1087  1124   980  1048  1148   746   907   869   920  1356          
HOW1127N1970  1643  1356  1536  1167  1626  1763  1682  1384  1340  1149          
HOW1127N1980  1334  1155   872   894   878   964  1050   899   685   705          
HOW1127N1990   768   686   662   684   532   381   316   342   326   234          
HOW1127N2000   325   373   473   314   212   179   175   182   150   150          
HOW1127N2010   202   118   116   141 -9999
HOW1129E1929  1019                                                                
HOW1129E1930  1199  1678  1878  1954  1864  2353  2435  2602  2821  2270          
HOW1129E1940  2233  1808  1873  1699  1564  1910  1303  1729  1551  1656          
HOW1129E1950  1839  2177  1212  1305  1189   970   783  1017   895   809          
HOW1129E1960   753  1128   838  1101  1124   698   760   547   534   685          
HOW1129E1970   754   644   771   704   663   780   807   663   555   543          
HOW1129E1980   563   568   614   547   514   705   747   718   556   586          
HOW1129E1990   696   580   713   787   463   367   395   438   454   524          
HOW1129E2000   583   896   674   522   508   529   322   417   370   348          
HOW1129E2010   645   432   456   388 -9999                                        
HOW1129W1930  1369  2069  1987  2464  2492  2961  2256  2683  2683  2450          
HOW1129W1940  2914  2064  1913  1938  2189  2685  1859  2272  2244  2060          
HOW1129W1950  2283  3215  1617  2015  2013  2122  1469  1924  1952  1613          
HOW1129W1960  1482  1546  1159  1458  1785   964  1029   865   716  1062          
HOW1129W1970   956   750  1068   756   810   832   823   586   537   499          
HOW1129W1980   513   706   663   573   484   597   794   850   606   561          
HOW1129W1990   667   547   676   744   394   366   381   444   434   503          
HOW1129W2000   515   776   711   578   540   517   399   480   527   461          
HOW1129W2010   766   464   463   467 -9999                                                             
HOW1130N1937  1913  2173  1878                                                    
HOW1130N1940  1916  1383  1739  1412  1384  1636  1159  1529  1574  1583          
HOW1130N1950  1997  1988  1524  1904  1946  1747  1512  1511  1525  1584          
HOW1130N1960  1851  1603  1285  1055  1296   938  1239  1223  1257  1563          
HOW1130N1970  1504  1062  1401  1068  1131  1160  1090   965   921   764          
HOW1130N1980  1186   991   825   539   626   828  1049  1083   932   986          
HOW1130N1990   961   943  1018   847   636   406   447   535   595   601          
HOW1130N2000   533   703   746   481   521   611   483   500   468   331          
HOW1130N2010   517   346   370   448 -9999                                        
HOW1130S1937  1889  2197  2293                                                    
HOW1130S1940  2346  1545  1828  1559  1971  1957  1240  1650  1506  1681          
HOW1130S1950  1887  1836  1445  1938  1867  1623  1673  1420  1650  1360          
HOW1130S1960  1933  1775  1819  1640  1583  1106  1262  1358  1570  1528          
HOW1130S1970  2112  1621  1688  1525  1898  1678  1322  1353  1160   961          
HOW1130S1980   906   946   737   604   478   702   916   972   868   876          
HOW1130S1990  1069  1026  1084  1005   579   639   662   757   898   828          
HOW1130S2000   808   696   684   595   590   719   630   674   513   392          
HOW1130S2010   729   412   498   471 -9999                                        
HOW1131N1930  1812  2912  2834  2029  1853  1777  1839  1858  1890  1844          
HOW1131N1940  1647  1325  1030  1133  1431  1450  1737  1667  2017  2190          
HOW1131N1950  2274  2850  2005  2831  2298  2104  1662  2160  1912  1503          
HOW1131N1960  1902  1988  1821  1822  1449   838   992  1011  1193  1396          
HOW1131N1970  1525  1704  1639  1280  1208  1304  1320  1160  1323   969          
HOW1131N1980  1020   741   567   412   479   518   523   629   583   545          
HOW1131N1990   637   702   707   775   417   361   276   423   355   367          
HOW1131N2000   386   412   483   367   270   294   287   268   315   215          
HOW1131N2010   323   266   237   202 -9999
HOW1131S1930  2020  2758  2484  1986  1771  1999  1913  1929  2273  2243          
HOW1131S1940  1844  1396  1346  1500  1972  2156  1993  1964  1956  2224          
HOW1131S1950  2452  2545  1323  2024  1575  1399  1011  1214  1116  1170          
HOW1131S1960  1394  1412  1302  1225  1050   680   800   858  1041  1338          
HOW1131S1970  1106   787   745   818   914   888   971   859   926   598          
HOW1131S1980   784   599   637   481   405   373   516   524   591   482          
HOW1131S1990   671   536   676   811   467   386   361   445   440   300          
HOW1131S2000   308   440   554   370   272   348   242   312   389   236          
HOW1131S2010   464   338   251   258 -9999                                                                                                                            
HOW1134S1931  1400  1940  2389  2467  1994  2310  2375  2655  3042                
HOW1134S1940  2525  2280  2590  2507  2435  2871  2183  2116  2139  2395          
HOW1134S1950  2614  3072  2275  2593  3277  3192  2325  2453  2850  2497          
HOW1134S1960  2658  2397  2607  2298  2427  1774  2339  2669  1861  2657          
HOW1134S1970  2099  1819  2117  2230  1934  2027  2017  1477  1369  1177          
HOW1134S1980  1012  1419  1461  1212  1454  1719  1884  1795  1419  1526          
HOW1134S1990  1852  1659  1611  1490  1064   856  1173  1435  1369  1276          
HOW1134S2000  1183  1030  1084   918   934  1291  1416  1375  1229   958          
HOW1134S2010  1183  1038  1543  1320 -9999   
HOW1134N1931   979  1517  2107  2262  2062  2180  2578  2820  2372                
HOW1134N1940  2097  2058  2258  1835  2144  2767  1781  2026  2022  2198          
HOW1134N1950  2597  2915  2309  2723  2948  3250  2477  2627  2863  2422          
HOW1134N1960  2335  2540  1953  1987  2111  1374  1483  1996  1722  2290          
HOW1134N1970  2106  1978  2017  1764  1519  1807  1670  1176  1126  1105          
HOW1134N1980   998  1273  1117   987  1021  1349  1296  1144  1077  1155          
HOW1134N1990  1262  1384  1668  1437  1141  1035  1162  1211  1255  1185          
HOW1134N2000  1019  1021  1050   960  1130  1297  1490  1349  1391  1132          
HOW1134N2010  1158  1049  1017  1103 -9999