HOW1040E1929  1359
HOW1040E1930  1176  1442  1505  1729  1296  1242  1146  1398  1309  1165
HOW1040E1940  1233  1557  1255  1088   876   819   757  1105   917   759
HOW1040E1950   430   371   486   824   518   559   602   686   825   705
HOW1040E1960   719   608   528   545   811   470   430   565   746   548
HOW1040E1970   591   623   506   595   595   619   695   637   631   557
HOW1040E1980   632   538   553   689   648   613   893   681   666   606
HOW1040E1990   599   563   710   673   704   529   487   426   484   497
HOW1040E2000   659   512   529   441   475   603   586   526   549   593
HOW1040E2010   443   387   439   487 -9999
HOW1040W1929  1269
HOW1040W1930  1128  1464  1549  1709  1292  1266  1155  1421  1275  1191
HOW1040W1940  1209  1588  1306  1076   887   769   811  1082   942   756
HOW1040W1950   427   402   482   761   557   513   626   629   802   753
HOW1040W1960   703   632   515   552   799   475   430   551   737   570
HOW1040W1970   573   631   564   566   619   579   741   605   626   576
HOW1040W1980   630   524   561   647   642   674   904   643   680   532
HOW1040W1990   620   596   678   648   686   584   489   426   536   474
HOW1040W2000   641   495   511   430   495   552   634   531   536   589
HOW1040W2010   472   348   440   544 -9999
HOW1041E1932  1062  1261  1540  1105   793   935   849  1140                      
HOW1041E1940  1409  1494  1191   883   792  1122   972  1076   805   808          
HOW1041E1950   651   649   750   720   584   788   710   795   860   784          
HOW1041E1960   761   762   568   656   656   644   524   498   556   432          
HOW1041E1970   514   521   616   710   567   621   757   730   702   821          
HOW1041E1980  1098   835   821   760   684   691   739   649   656   583          
HOW1041E1990   675   663   756   765   607   478   443   399   466   427          
HOW1041E2000   466   364   351   364   307   331   380   295   421   455          
HOW1041E2010   375   262   294   197 -9999 
HOW1041W1932  1042  1184  1070  1044   632   992   865  1077                      
HOW1041W1940  1215  1296  1269   867   627   967   896   850  1023   517          
HOW1041W1950   330   290   466   583   350   343   397   345   460   412          
HOW1041W1960   356   439   282   257   411   499   383   333   323   273          
HOW1041W1970   319   327   336   336   283   345   503   520   442   348          
HOW1041W1980   459   395   494   447   533   453   593   511   545   459          
HOW1041W1990   393   314   359   444   344   209   223   249   247   186          
HOW1041W2000   223   116   200    73   111    51    87    56    86    79          
HOW1041W2010   119    61    53    53 -9999
HOW1050N1869  1445
HOW1050N1870  1546  1781  1091  1015  1382  1390  1001  1474  1649  1423
HOW1050N1880  1005  1144   789   841   838   782   866   659   523   582
HOW1050N1890   826   728  1056   945   894   832   880   654   683   581
HOW1050N1900   523   518   592   621   566   599   592   670   543   770
HOW1050N1910   814   675   693   841   835   770   758   895   858  1134
HOW1050N1920  1594  1719  1483  1288  1320  1276  1120  1273   937   880
HOW1050N1930   793   621   879   952   895   838   691   711   724   651
HOW1050N1940   628   824   812   518   599   599   505   572   523   451
HOW1050N1950   351   266   329   494   455   462   332   387   472   412
HOW1050N1960   422   548   480   399   598   515   456   491   505   345
HOW1050N1970   342   368   291   369   381   443   393   453   447   378
HOW1050N1980   359   407   435   403   430   379   365   459   356   267
HOW1050N1990   355   323   265   314   334   147   227   234   259   315
HOW1050N2000   303   227   276   273   266   206   238   293   309   260
HOW1050N2010 -9999
HOW1051E1891   623   686   526   557   668   807   860   814   830                
HOW1051E1900   702   806   843  1284  1048  1035   916  1091   819   873          
HOW1051E1910   958   807   783   778   749   640   628   695   617   595          
HOW1051E1920   706   896   796   947  1107   988   854   986   830   782          
HOW1051E1930   710   935   805   917   848   656   636   547   450   415          
HOW1051E1940   417   503   414   348   344   389   349   359   327   381          
HOW1051E1950   328   312   352   588   523   623   613   637   720   579          
HOW1051E1960   481   559   453   582   473   495   412   529   585   525          
HOW1051E1970   509   534   464   562   538   541   545   541   458   462          
HOW1051E1980   502   564   573   540   534   465   551   583   441   394          
HOW1051E1990   383   316   276   346   299   236   283   247   271   243          
HOW1051E2000   330   290   431   411   396   424   347   364   390   332          
HOW1051E2010   270   222   219   235 -9999
HOW1051W1876  1073  1494  1335  1437                                              
HOW1051W1880  1340  1267   640   819  1100  1076  1361  1062   736   782          
HOW1051W1890   869   771   859   602   723   781   759   541   652   768          
HOW1051W1900   784  1007  1048  1193  1080   899   863   836   683   847          
HOW1051W1910   840   768   776   845   758   599   619   720   725   615          
HOW1051W1920   644   818   681   892  1004   977   804   938   705   810          
HOW1051W1930   705   742   717   902   755   688   582   564   427   424          
HOW1051W1940   492   511   447   363   366   430   404   410   436   418          
HOW1051W1950   398   436   659   679   584   629   527   644   837   607          
HOW1051W1960   572   600   530   569   609   528   403   497   568   552          
HOW1051W1970   511   611   448   569   497   484   546   571   478   501          
HOW1051W1980   494   608   628   587   656   526   575   628   469   404          
HOW1051W1990   428   415   511   556   482   400   366   335   310   348          
HOW1051W2000   392   308   366   352   275   307   300   340   306   396          
HOW1051W2010   418   324   357   289 -9999
HOW1052N1875  1277  1202  1125  1097  1311
HOW1052N1880  1558   572   419   563   656   590   736   753   516   518
HOW1052N1890   744   556   633   627   606   539   774   835  1126  1134
HOW1052N1900   888   634   823   782   703   553   437   553   503   687
HOW1052N1910   828   648   551   649   579   578   560   835   443   688
HOW1052N1920   906  1007   984   901  1187  1038  1195  1127  1011   985
HOW1052N1930  1038  1225  1132  1028  1006   872   803   685   785   741
HOW1052N1940   623   952   800   723   717   703   660   714   601   676
HOW1052N1950   533   440   558   727   519   652   670   719   859   588
HOW1052N1960   655   697   547   741   773   728   506   537   620   488
HOW1052N1970   638   631   501   629   557   700   766   790   805   664
HOW1052N1980   660   708   691   627   766   890  1132  1144   711   605
HOW1052N1990   676   721   686   807   596   579   499   347   369   400
HOW1052N2000   555   476   526   458   459   517   435   521   491   460
HOW1052N2010   530   304   371   382 -9999
HOW1052S1875  1108   971  1055  1157  1206                                        
HOW1052S1880   877   588   256   361   463   536   857   543   470   417          
HOW1052S1890   550   424   576   570   485   334   543   802   694   613          
HOW1052S1900   610   623   841   753   755   702   777   745   452   838          
HOW1052S1910   773   770   638   825   719   680   799   853   597   737          
HOW1052S1920   889   755   962   770  1156  1060  1041  1059  1082  1036          
HOW1052S1930  1104  1337  1427  1352  1172  1008  1059   829   789   872          
HOW1052S1940   867  1010   976   773   701   854   820   844   673   603          
HOW1052S1950   358   265   408   569   483   773   624   597   708   501          
HOW1052S1960   478   491   386   421   465   531   449   522   548   441          
HOW1052S1970   448   467   410   487   459   523   566   606   651   601          
HOW1052S1980   784   696   643   652   709   593   743   831   701   515          
HOW1052S1990   590   763   845   836   466   562   623   352   384   341          
HOW1052S2000   457   521   511   465   566   540   579   565   532   545          
HOW1052S2010   561   285   385   447 -9999                                                                                          
HOW1053E1863  1613  2044  1408  2146   827   448  1694                            
HOW1053E1870  1177  1157  1027  1368   890  1037   903  1466  1616  1365          
HOW1053E1880  1308  1368   928   933  1079   890  1359  1194   827  1090          
HOW1053E1890  1138   768   993  1051  1364  1093   856   953   723   646          
HOW1053E1900   624   652   931  1486  1347  1177  1017  1099   570   767          
HOW1053E1910   818   618   794   812   887   647   678   753   661   658          
HOW1053E1920   746   944   710  1054  1297  1287  1131  1239  1162  1116          
HOW1053E1930   889  1043   872  1024  1046   918   855   604   212   270          
HOW1053E1940   334   449   466   454   377   602   406   584   384   358          
HOW1053E1950   239   148   221   257   247   278   240   272   302   257          
HOW1053E1960   240   265   182   249   264   235   207   309   421   349          
HOW1053E1970   414   452   349   600   399   505   404   477   364   411          
HOW1053E1980   579   549   527   403   557   518   630   702   556   543          
HOW1053E1990   641   466   441   577   342   332   296   190   253   306          
HOW1053E2000   315   406   370   360   300   332   256   263   268   305          
HOW1053E2010   206   163   193   267 -9999 
HOW1053W1864  1564  1810  1767  1880  1458  1795
HOW1053W1870  1388  1088   995  1091  1193  1251  1113  1711  1687  1574
HOW1053W1880  1713  1555   943   952  1130  1232  1580  1201  1057  1122
HOW1053W1890  1294  1270  1509  1238  1443  1060  1055  1174  1017   898
HOW1053W1900   845  1174  1490  1655  1486  1117  1371  1573  1024  1185
HOW1053W1910  1304  1068   956   968   910   709   555   750   696   619
HOW1053W1920   697   845   807   983  1181  1134   890  1010   783   795
HOW1053W1930   779   933   919  1216   941   814   681   251   232   294
HOW1053W1940   303   437   381   370   352   385   357   392   546   568
HOW1053W1950   350   288   432   451   281   506   458   474   574   466
HOW1053W1960   372   332   226   258   292   244   156   203   237   255
HOW1053W1970   328   428   271   433   405   480   448   484   397   405
HOW1053W1980   472   570   409   413   530   414   581   741   584   484
HOW1053W1990   586   544   471   602   381   358   401   250   241   312
HOW1053W2000   385   404   426   335   348   341   248   266   385   428
HOW1053W2010   522   321   377   379 -9999
HOW1065W1880  1489  1483   817   684   753   930  1062   966   629   767          
HOW1065W1890   872   830   816   629   917   678   711   522   567   664          
HOW1065W1900   462   579   664   855   692   787   743   774   604   826          
HOW1065W1910   907   764   856   901   717   670   812   897   825   830          
HOW1065W1920  1087  1129  1034  1123  1061   852   815   891   645   651          
HOW1065W1930   646   767   736   879   772   775   608   623   693   614          
HOW1065W1940   575   732   726   674   621   754   727   604   597   707          
HOW1065W1950   523   611   674   919  1066  1699  1251   922  1030   770          
HOW1065W1960   792   933   609   757   595   676   631   594   800   877          
HOW1065W1970   915   979   812   876   846   925  1298  1312  1418  1502          
HOW1065W1980  1354  1332  1055  1016  1110  1331  1297  1394  1199   984          
HOW1065W1990  1070  1003   954  1302   978   869   875   607   954   947          
HOW1065W2000   979   821   861   678   907   796   786  1237  1149   997          
HOW1065W2010  1231   661   901   978 -9999      
HOW1065E1884   822   664  1043   952   946  1074                                  
HOW1065E1890  1108   903  1077   942  1089   882   597   541   789   637          
HOW1065E1900   582   681   804   929   844   902   722   809   542   886          
HOW1065E1910   885   723   772   738   726   607   691   708   624   636          
HOW1065E1920   819  1009   786   841   872   731   738   761   617   626          
HOW1065E1930   610   905   881   904   758   700   631   541   523   433          
HOW1065E1940   415   473   489   402   367   463   456   409   363   457          
HOW1065E1950   262   236   557   921   821   882   664   726   833   561          
HOW1065E1960   517   529   404   424   537   441   420   448   587   495          
HOW1065E1970   539   533   452   505   445   556   656   653   577   570          
HOW1065E1980   634   666   527   515   584   633   866   948   771   642          
HOW1065E1990   641   813   990  1155   631   793   864   619   574   783          
HOW1065E2000   777   746   696   692   620   758   714   898   924   973          
HOW1065E2010   936   548   880  1084 -9999                                                                                                                                                               
HOW1089N1900   545   581   432   658   668   903   553   503   447   637          
HOW1089N1910   579   619   556   906   763   809   718   687   649  1124          
HOW1089N1920  1441  1632  2253  2651  3111  2454  2188  1757  1960  1028          
HOW1089N1930  1239  1690  1537  1587  2136  2021  1753  1949  1660  1915          
HOW1089N1940  2164  2253  1537  1367  1247  1403  1529  1320  1238   981          
HOW1089N1950   762   780   991  1155  1169  1919  1202  1227  1256   882          
HOW1089N1960   916   782   565   763   652   764   790   824   685   803          
HOW1089N1970   837   838   763   901   736   841   697   978   651   700          
HOW1089N1980   854   611   808   558   663   733   513   753   730   579          
HOW1089N1990   678   550   565   784   561   497   294   387   359   415          
HOW1089N2000   433   402   392   402   491   303   324   404   281   246          
HOW1089N2010   218   181   215   141 -9999                                        
HOW1089S1927  2011  1679  1394                                                    
HOW1089S1930  1484  1749  1625  1829  1527  1716  1496  1317  1085  1622          
HOW1089S1940  1724  2062  1797  1818  1402  1402  1412  1237  1093   969          
HOW1089S1950   860   717   649  1026  1243  1620  1076  1215  1099  1033          
HOW1089S1960   984  1107   708   771   957   895   566   527   585   454          
HOW1089S1970   482   640   588   694   602   946   881   877   910   808          
HOW1089S1980   676   670   754   752   777   544   706   725   702   534          
HOW1089S1990   652   511   469   495   335   374   252   257   267   306          
HOW1089S2000   311   298   334   254   210   227   180   248   301   472          
HOW1089S2010   203    52   169    58 -9999
HOW1098W1868   972  1072
HOW1098W1870   990  1182   854   931   996   723   800  1026   978  1108
HOW1098W1880   961  1390   977  1541  1369  1465  1771  1470  1368  1356
HOW1098W1890  1659  1283  1723  1492  1744  1543  1278  1445  1766  1518
HOW1098W1900  1312  1344  1164  1251  1632  1325  1008   993   724   923
HOW1098W1910   974   821  1141  1298  1097   713   568   700   795  1132
HOW1098W1920  1472  1760  1635  1417  1818  1603  1345  1293  1055  1097
HOW1098W1930   923   927  1073  1105  1087  1090  1065   366   822   808
HOW1098W1940   854  1116   979   731   742   899   911   770   661   477
HOW1098W1950   253   192   258   424   252   159    79   157   135   168
HOW1098W1960    57   129    47    70   125   226   160   170   290   233
HOW1098W1970   108    87    76   215    97   159   225    72   159   102
HOW1098W1980   172    93   102    21    84    87    67   113    61    48
HOW1098W1990    33    49    31    48    58    21    74 -9999
HOW1098E1874   916  1249  1004   994   893  1278                                  
HOW1098E1880  1278  1201  1155  1249  1170   974   975  1009   737  1178          
HOW1098E1890  1119  1062  1421  1271   922  1257  1389  1142  1384  1138          
HOW1098E1900  1277  1234  1172  1077  1040  1471  1029   970  1372  1386          
HOW1098E1910  1474  1388  1142   984   982  1217  1095   808   981  1337          
HOW1098E1920  1104   693   607   740   832   928  1384  1592  1252  1398          
HOW1098E1930  1264  1001  1005  1063   812   534   728   802   541   665          
HOW1098E1940   757   629   792   366   687   593   704  1047   797   854          
HOW1098E1950   828   855   919   765   582   382   123   109   216   245          
HOW1098E1960   254   321   164   228   241   246   156   304   153   250          
HOW1098E1970   335   347   290   281   277   269   319   221   251   282          
HOW1098E1980   234   222   288   280   260   257   228   183   289   194          
HOW1098E1990   306   220   281   261   177   155   138   118   142 -9999
HOW1099S1872  1402  1848  1704  1663  1464  2080  2166  1987                      
HOW1099S1880  1981  1582   877   989  1068  1195  1649  1678  1359  1364          
HOW1099S1890  1545  1381  1569  1399  1596  1640  1304  1282  1032  1243          
HOW1099S1900  1201  1492  1702  1998  1505  1536  1431  1305   914  1221          
HOW1099S1910  1445  1240  1065  1257   875   676   726   776   782   870          
HOW1099S1920  1385  1807  1868  1666  1549  1204   864   416   589   543          
HOW1099S1930   432   353   506   579   837   710   810   206   450   520          
HOW1099S1940   813   992   935   950   864  1091   967   860   766   507          
HOW1099S1950   176    88   215   190   256   284    91   155   165   241          
HOW1099S1960   218   264   161   242   417   421   268   369   529   476          
HOW1099S1970   393   325   330   321   477   380   462   497   386   487          
HOW1099S1980   473   364   372   339   412   443   460   562   563   355          
HOW1099S1990   438   499   656   624   374   284   475   450   359   296          
HOW1099S2000   395   370   301   323   229   361   302   194   203   237          
HOW1099S2010   287   213   206   444 -9999 
HOW1099N1872   986  1373  1303  1589  1370  1994  2203  2007                  
HOW1099N1880  1606  1430   869  1446  1774  1793  1975  1578  1102  1424             
HOW1099N1890  1744  1554  1913  1631  1964  1447  1363  1075   874  1009             
HOW1099N1900   768   988  1192  1102  1152  1157  1024   943   872  1367            
HOW1099N1910  1625  1130  1134  1111   541   518   632   662   586   887            
HOW1099N1920  1016  1725  1486  1438  1325  1048   866   847   703   768          
HOW1099N1930   555   603   984   987   744   892   778   215   540   706          
HOW1099N1940   693   834   768   806   648   867   776   749   669   350          
HOW1099N1950   247   117   383   608   410   508   360   273   378   359          
HOW1099N1960   204   319   157   395   460   479   318   386   421   389          
HOW1099N1970   466   304   347   424   267   398   458   483   440   402          
HOW1099N1980   393   317   428   379   466   480   526   482   368   389          
HOW1099N1990   309   299   415   581   355   245   310   346   259   326          
HOW1099N2000   344   288   257   265   254   302   227   370   305   303          
HOW1099N2010   348   285   325   357 -9999                                                                                                                                                              
HOW1121N1920  1783  1177   775  1027   883   546   546   424   385   478          
HOW1121N1930   683  1061   756   955   737  1073  1079   971  1078  1023          
HOW1121N1940   108   659   462   516   509   817   847   891   955   373          
HOW1121N1950   398   132   282   551   573   612   419   594  1234   741          
HOW1121N1960   729   966   837   669  1033   925   530   543   484    85          
HOW1121N1970   138    88    47   119   193   166   229   218   255   182          
HOW1121N1980   219   358   362   310   381   357   582   478   366   450          
HOW1121N1990   486   480   472   573   589   469   460   446   407   470          
HOW1121N2000   515   354   434   352   484   356   314   366   399   398          
HOW1121N2010   310   208   404   314 -9999                                        
HOW1121S1906   372   160   140   245                                              
HOW1121S1910   252   132   269    83   232   236   129   270   792  1341          
HOW1121S1920  1433   858  1241  1581  1200  1308   815   454   488   878          
HOW1121S1930   976   837   831   930   710   758   836   918   863   939          
HOW1121S1940    62   914   706   720   614   699   798   740   685   292          
HOW1121S1950   134    66   253   299   281   384   336   406   655   421          
HOW1121S1960   375   495   367   358   581   491   402   350   289   239          
HOW1121S1970   228   113   157   135   129   233   340   366   320   303          
HOW1121S1980   387   429   395   368   472   476   639   580   330   534          
HOW1121S1990   505   447   486   704   548   425   461   363   374   410          
HOW1121S2000   589   339   434   453   396   320   376   315   295   225          
HOW1121S2010   211   161   387   387 -9999    